learning evaluation instances,evaluation time (cpu seconds),model cost (RAM-Hours),classified instances,classifications correct (percent),Kappa Statistic (percent),Kappa Temporal Statistic (percent),Kappa M Statistic (percent),model training instances,model serialized size (bytes),tree size (nodes),tree size (leaves),active learning leaves,tree depth,active leaf byte size estimate,inactive leaf byte size estimate,byte size estimate overhead
100.0,0.015625,1.613645710878902E-11,100.0,90.0,78.92074198988196,33.33333333333336,67.74193548387099,100.0,3992.0,1.0,1.0,1.0,0.0,0.0,0.0,1.0
200.0,0.015625,1.613645710878902E-11,200.0,85.5,71.0752044683822,0.0,69.47368421052632,200.0,4016.0,1.0,1.0,1.0,0.0,0.0,0.0,1.0
300.0,0.015625,1.613645710878902E-11,300.0,83.0,65.02057613168724,-24.39024390243901,56.03448275862068,300.0,4040.0,1.0,1.0,1.0,0.0,0.0,0.0,1.0
400.0,0.015625,1.613645710878902E-11,400.0,82.5,65.1567944250871,-34.61538461538464,60.67415730337077,400.0,528.0,3.0,2.0,2.0,1.0,0.0,0.0,1.0
500.0,0.03125,4.727755569749408E-11,500.0,83.39999999999999,66.97752880514354,-29.68750000000003,63.11111111111109,500.0,7704.0,3.0,2.0,2.0,1.0,0.0,0.0,1.0
600.0,0.03125,4.727755569749408E-11,600.0,84.83333333333334,69.73325350894699,-16.666666666666625,65.39923954372625,600.0,8048.0,3.0,2.0,2.0,1.0,0.0,0.0,1.0
700.0,0.03125,4.727755569749408E-11,700.0,86.0,72.11019319586288,-2.0833333333333584,69.75308641975309,700.0,8056.0,3.0,2.0,2.0,1.0,0.0,0.0,1.0
800.0,0.03125,4.727755569749408E-11,800.0,86.875,73.83829575183755,7.079646017699122,72.44094488188976,800.0,11240.0,5.0,3.0,3.0,2.0,0.0,0.0,1.0
900.0,0.03125,4.727755569749408E-11,900.0,86.66666666666667,73.38065661047027,9.090909090909078,72.4770642201835,900.0,11576.0,5.0,3.0,3.0,2.0,0.0,0.0,1.0
1000.0,0.046875,9.416706032223172E-11,1000.0,87.6,75.2237851662404,11.428571428571438,74.6938775510204,1000.0,11600.0,5.0,3.0,3.0,2.0,0.0,0.0,1.0
1100.0,0.046875,9.416706032223172E-11,1100.0,87.2,74.4285377518689,3.030303030303033,72.64957264957265,1100.0,12048.0,5.0,3.0,3.0,2.0,0.0,0.0,1.0
1200.0,0.046875,9.416706032223172E-11,1200.0,88.2,76.02405721716515,9.230769230769239,72.55813953488372,1200.0,11976.0,7.0,4.0,4.0,2.0,0.0,0.0,1.0
1300.0,0.046875,9.416706032223172E-11,1300.0,90.10000000000001,80.05881642025543,21.42857142857145,77.55102040816327,1300.0,15576.0,7.0,4.0,4.0,2.0,0.0,0.0,1.0
1400.0,0.046875,9.416706032223172E-11,1400.0,91.9,83.16106338924139,40.44117647058827,79.64824120603015,1400.0,15576.0,7.0,4.0,4.0,2.0,0.0,0.0,1.0
1500.0,0.0625,1.5712834687696563E-10,1500.0,93.2,85.36444679761183,50.72463768115946,81.47138964577658,1500.0,15576.0,7.0,4.0,4.0,2.0,0.0,0.0,1.0
1600.0,0.0625,1.5712834687696563E-10,1600.0,93.30000000000001,85.52127723944784,51.44927536231888,81.4404432132964,1600.0,15576.0,7.0,4.0,4.0,2.0,0.0,0.0,1.0
1700.0,0.0625,1.5712834687696563E-10,1700.0,93.2,85.1138353765324,48.48484848484853,80.57142857142858,1700.0,16024.0,7.0,4.0,4.0,2.0,0.0,0.0,1.0
1800.0,0.0625,1.5712834687696563E-10,1800.0,91.8,82.00957441673725,38.80597014925377,75.95307917888564,1800.0,16056.0,7.0,4.0,4.0,2.0,0.0,0.0,1.0
1900.0,0.0625,1.5712834687696563E-10,1900.0,92.10000000000001,82.30651389050645,38.75968992248065,75.15723270440252,1900.0,16080.0,7.0,4.0,4.0,2.0,0.0,0.0,1.0
2000.0,0.0625,1.5712834687696563E-10,2000.0,91.60000000000001,80.5249003060373,40.00000000000003,71.81208053691277,2000.0,16088.0,7.0,4.0,4.0,2.0,0.0,0.0,1.0
2100.0,0.0625,1.5712834687696563E-10,2100.0,91.4,80.86541713390649,41.09589041095894,73.29192546583852,2100.0,16088.0,7.0,4.0,4.0,2.0,0.0,0.0,1.0
2200.0,0.078125,2.2215923915306726E-10,2200.0,89.4,76.17902585699325,31.16883116883119,67.58409785932722,2200.0,16088.0,7.0,4.0,4.0,2.0,0.0,0.0,1.0
2300.0,0.078125,2.2215923915306726E-10,2300.0,87.5,72.85747787341596,21.875000000000014,65.4696132596685,2300.0,15856.0,9.0,5.0,5.0,3.0,0.0,0.0,1.0
2400.0,0.078125,2.2215923915306726E-10,2400.0,87.4,73.56772745390087,22.22222222222224,68.10126582278481,2400.0,15856.0,9.0,5.0,5.0,3.0,0.0,0.0,1.0
2500.0,0.078125,2.2215923915306726E-10,2500.0,83.39999999999999,65.97691349117859,2.35294117647059,60.09615384615385,2500.0,16320.0,9.0,5.0,5.0,3.0,0.0,0.0,1.0
2600.0,0.078125,2.2215923915306726E-10,2600.0,83.39999999999999,66.11691704768126,7.26256983240224,61.21495327102804,2600.0,16336.0,9.0,5.0,5.0,3.0,0.0,0.0,1.0
2700.0,0.078125,2.2215923915306726E-10,2700.0,83.7,66.68002191350706,14.659685863874305,61.82669789227165,2700.0,16344.0,9.0,5.0,5.0,3.0,0.0,0.0,1.0
2800.0,0.09375,3.055902197957039E-10,2800.0,83.89999999999999,66.91681119157016,16.58031088082898,62.470862470862464,2800.0,20640.0,16.0,11.0,11.0,4.0,0.0,0.0,1.0
2900.0,0.09375,3.055902197957039E-10,2900.0,84.5,68.28060410101094,20.918367346938744,64.53089244851259,2900.0,27528.0,16.0,11.0,11.0,4.0,0.0,0.0,1.0
3000.0,0.09375,3.055902197957039E-10,3000.0,85.39999999999999,69.57610765890232,21.505376344086034,64.47688564476886,3000.0,34040.0,16.0,11.0,11.0,4.0,0.0,0.0,1.0
3100.0,0.109375,4.580942913889885E-10,3100.0,85.8,70.93796688565523,28.999999999999975,67.2055427251732,3100.0,37728.0,16.0,11.0,11.0,4.0,0.0,0.0,1.0
3200.0,0.109375,4.580942913889885E-10,3200.0,87.2,74.08067390247854,35.99999999999998,70.23255813953489,3200.0,38024.0,16.0,11.0,11.0,4.0,0.0,0.0,1.0
3300.0,0.109375,4.580942913889885E-10,3300.0,88.5,76.69800615983141,43.90243902439024,72.55369928400955,3300.0,38816.0,16.0,11.0,11.0,4.0,0.0,0.0,1.0
3400.0,0.125,6.167748425569799E-10,3400.0,88.4,76.62986542025949,38.947368421052616,73.0232558139535,3400.0,39256.0,16.0,11.0,11.0,4.0,0.0,0.0,1.0
3500.0,0.125,6.167748425569799E-10,3500.0,91.60000000000001,83.14153484283496,55.55555555555556,81.29175946547885,3500.0,39256.0,16.0,11.0,11.0,4.0,0.0,0.0,1.0
3600.0,0.125,6.167748425569799E-10,3600.0,91.9,83.5107119301017,53.448275862068996,80.43478260869567,3600.0,39256.0,16.0,11.0,11.0,4.0,0.0,0.0,1.0
3700.0,0.125,6.167748425569799E-10,3700.0,91.0,81.1425123202253,47.0588235294118,76.56250000000001,3700.0,39256.0,16.0,11.0,11.0,4.0,0.0,0.0,1.0
3800.0,0.140625,7.754553937249713E-10,3800.0,91.0,80.32219132077452,45.45454545454549,74.57627118644069,3800.0,39256.0,16.0,11.0,11.0,4.0,0.0,0.0,1.0
3900.0,0.140625,7.754553937249713E-10,3900.0,90.4,78.9086083636156,41.46341463414637,73.25905292479109,3900.0,39544.0,16.0,11.0,11.0,4.0,0.0,0.0,1.0
4000.0,0.140625,7.754553937249713E-10,4000.0,89.5,77.67629349933667,37.86982248520713,73.1457800511509,4000.0,39544.0,16.0,11.0,11.0,4.0,0.0,0.0,1.0
4100.0,0.140625,7.754553937249713E-10,4100.0,89.7,77.4370208105148,36.419753086419774,72.53333333333333,4100.0,39544.0,16.0,11.0,11.0,4.0,0.0,0.0,1.0
4200.0,0.15625,9.493669494986533E-10,4200.0,90.10000000000001,77.89606237329309,40.36144578313255,73.31536388140162,4200.0,43024.0,18.0,12.0,12.0,4.0,0.0,0.0,1.0
4300.0,0.15625,9.493669494986533E-10,4300.0,90.0,76.2170903988394,37.106918238993735,70.1492537313433,4300.0,43072.0,18.0,12.0,12.0,4.0,0.0,0.0,1.0
4400.0,0.15625,9.493669494986533E-10,4400.0,87.7,69.1494271324518,27.21893491124262,60.450160771704184,4400.0,43072.0,18.0,12.0,12.0,4.0,0.0,0.0,1.0
4500.0,0.15625,9.493669494986533E-10,4500.0,87.2,67.77782812492134,22.42424242424244,58.57605177993528,4500.0,43536.0,18.0,12.0,12.0,4.0,0.0,0.0,1.0
4600.0,0.15625,9.493669494986533E-10,4600.0,86.5,68.84318196504897,20.118343195266284,61.09510086455331,4600.0,43552.0,18.0,12.0,12.0,4.0,0.0,0.0,1.0
4700.0,0.15625,9.493669494986533E-10,4700.0,87.1,70.89770430262777,19.375000000000014,63.76404494382022,4700.0,43560.0,18.0,12.0,12.0,4.0,0.0,0.0,1.0
4800.0,0.15625,9.493669494986533E-10,4800.0,88.6,75.59764367422427,29.192546583850955,70.46632124352332,4800.0,43560.0,18.0,12.0,12.0,4.0,0.0,0.0,1.0
4900.0,0.15625,9.493669494986533E-10,4900.0,88.5,74.56427497124658,26.751592356687915,68.05555555555556,4900.0,43560.0,18.0,12.0,12.0,4.0,0.0,0.0,1.0
5000.0,0.15625,9.493669494986533E-10,5000.0,87.6,72.1778463858125,22.500000000000014,64.97175141242938,5000.0,43568.0,18.0,12.0,12.0,4.0,0.0,0.0,1.0
5100.0,0.15625,9.493669494986533E-10,5100.0,85.2,67.95981988223069,3.8961038961038987,58.88888888888888,5100.0,43568.0,18.0,12.0,12.0,4.0,0.0,0.0,1.0
5200.0,0.171875,1.1254774613512886E-9,5200.0,85.2,69.05306562841096,0.0,61.35770234986945,5200.0,43568.0,18.0,12.0,12.0,4.0,0.0,0.0,1.0
5300.0,0.171875,1.1254774613512886E-9,5300.0,84.5,67.70456553264547,-0.6493506493506498,60.35805626598465,5300.0,43568.0,18.0,12.0,12.0,4.0,0.0,0.0,1.0
5400.0,0.171875,1.1254774613512886E-9,5400.0,85.0,69.08542315872779,-2.0408163265306136,63.76811594202898,5400.0,43568.0,18.0,12.0,12.0,4.0,0.0,0.0,1.0
5500.0,0.171875,1.1254774613512886E-9,5500.0,85.8,69.77527276752076,-2.1582733812949657,62.92428198433419,5500.0,43568.0,18.0,12.0,12.0,4.0,0.0,0.0,1.0
5600.0,0.1875,1.301587973203924E-9,5600.0,85.2,68.41561634363809,-8.823529411764714,61.757105943152446,5600.0,43568.0,18.0,12.0,12.0,4.0,0.0,0.0,1.0
5700.0,0.1875,1.301587973203924E-9,5700.0,84.5,67.75401514521094,-11.510791366906483,62.00980392156863,5700.0,43568.0,18.0,12.0,12.0,4.0,0.0,0.0,1.0
5800.0,0.1875,1.301587973203924E-9,5800.0,84.3,67.02234918501092,-11.347517730496463,60.35353535353535,5800.0,43568.0,18.0,12.0,12.0,4.0,0.0,0.0,1.0
5900.0,0.203125,1.4776984850565592E-9,5900.0,84.89999999999999,68.86829018876949,0.0,63.438256658595634,5900.0,43568.0,18.0,12.0,12.0,4.0,0.0,0.0,1.0
6000.0,0.203125,1.4776984850565592E-9,6000.0,84.8,68.75976257419556,0.0,63.63636363636363,6000.0,43568.0,18.0,12.0,12.0,4.0,0.0,0.0,1.0
6100.0,0.203125,1.4776984850565592E-9,6100.0,86.7,72.56170521781468,18.404907975460137,69.28406466512702,6100.0,43568.0,18.0,12.0,12.0,4.0,0.0,0.0,1.0
6200.0,0.203125,1.4776984850565592E-9,6200.0,86.4,71.98683381189159,23.595505617977544,69.1609977324263,6200.0,43568.0,18.0,12.0,12.0,4.0,0.0,0.0,1.0
6300.0,0.21875,1.6538089969091946E-9,6300.0,85.9,71.14558179511317,19.88636363636365,67.7345537757437,6300.0,43568.0,18.0,12.0,12.0,4.0,0.0,0.0,1.0
6400.0,0.21875,1.6538089969091946E-9,6400.0,85.6,70.39863175897908,21.311475409836078,66.35514018691589,6400.0,43568.0,18.0,12.0,12.0,4.0,0.0,0.0,1.0
6500.0,0.21875,1.6538089969091946E-9,6500.0,85.39999999999999,69.90931574608409,23.157894736842074,65.72769953051643,6500.0,43568.0,18.0,12.0,12.0,4.0,0.0,0.0,1.0
6600.0,0.234375,1.8299195087618299E-9,6600.0,84.89999999999999,68.2573050241749,25.615763546798004,63.170731707317074,6600.0,43568.0,18.0,12.0,12.0,4.0,0.0,0.0,1.0
6700.0,0.234375,1.8299195087618299E-9,6700.0,84.89999999999999,68.45623563818674,25.24752475247522,64.47058823529412,6700.0,43568.0,18.0,12.0,12.0,4.0,0.0,0.0,1.0
6800.0,0.234375,1.8299195087618299E-9,6800.0,85.2,68.5086282103113,25.252525252525228,63.81418092909536,6800.0,43568.0,18.0,12.0,12.0,4.0,0.0,0.0,1.0
6900.0,0.234375,1.8299195087618299E-9,6900.0,84.8,67.38127427627202,19.999999999999964,62.46913580246913,6900.0,43568.0,18.0,12.0,12.0,4.0,0.0,0.0,1.0
7000.0,0.25,2.006030020614465E-9,7000.0,85.3,69.09609223239738,23.036649214659654,65.08313539192399,7000.0,43568.0,18.0,12.0,12.0,4.0,0.0,0.0,1.0
7100.0,0.25,2.006030020614465E-9,7100.0,84.5,66.95518696968405,15.30054644808744,62.10268948655256,7100.0,43568.0,18.0,12.0,12.0,4.0,0.0,0.0,1.0
7200.0,0.25,2.006030020614465E-9,7200.0,83.2,63.21855186184187,1.176470588235295,57.36040609137055,7200.0,43568.0,18.0,12.0,12.0,4.0,0.0,0.0,1.0
7300.0,0.265625,2.1821405324671003E-9,7300.0,82.39999999999999,62.22900383289767,0.0,58.392434988179666,7300.0,43568.0,18.0,12.0,12.0,4.0,0.0,0.0,1.0
7400.0,0.265625,2.1821405324671003E-9,7400.0,84.0,66.62258065861992,5.882352941176475,63.882618510158004,7400.0,43568.0,18.0,12.0,12.0,4.0,0.0,0.0,1.0
7500.0,0.265625,2.1821405324671003E-9,7500.0,82.89999999999999,64.7884423724765,-0.5882352941176475,62.66375545851527,7500.0,43568.0,18.0,12.0,12.0,4.0,0.0,0.0,1.0
7600.0,0.265625,2.1821405324671003E-9,7600.0,83.7,66.99309082367425,0.609756097560976,65.82809224318657,7600.0,43568.0,18.0,12.0,12.0,4.0,0.0,0.0,1.0
7700.0,0.28125,2.3582510443197356E-9,7700.0,82.5,64.68812552463355,-2.9411764705882373,63.31236897274633,7700.0,43568.0,18.0,12.0,12.0,4.0,0.0,0.0,1.0
7800.0,0.28125,2.3582510443197356E-9,7800.0,80.10000000000001,60.26294349749997,-19.161676646706532,61.80422264875241,7800.0,43568.0,18.0,12.0,12.0,4.0,0.0,0.0,1.0
7900.0,0.28125,2.3582510443197356E-9,7900.0,80.30000000000001,60.623625824505304,-14.534883720930178,63.24626865671642,7900.0,43568.0,18.0,12.0,12.0,4.0,0.0,0.0,1.0
8000.0,0.28125,2.3582510443197356E-9,8000.0,77.8,55.426162031924505,-29.824561403508724,58.192090395480236,8000.0,43568.0,18.0,12.0,12.0,4.0,0.0,0.0,1.0
8100.0,0.296875,2.534361556172371E-9,8100.0,79.5,58.407050917885385,-17.816091954022937,60.271317829457374,8100.0,43568.0,18.0,12.0,12.0,4.0,0.0,0.0,1.0
8200.0,0.296875,2.534361556172371E-9,8200.0,81.6,62.59265433579597,-1.0989010989010994,65.86270871985157,8200.0,43568.0,18.0,12.0,12.0,4.0,0.0,0.0,1.0
8300.0,0.296875,2.534361556172371E-9,8300.0,83.89999999999999,67.04007599207323,9.039548022598876,69.62264150943396,8300.0,43568.0,18.0,12.0,12.0,4.0,0.0,0.0,1.0
8400.0,0.3125,2.710472068025006E-9,8400.0,82.39999999999999,64.33998581703982,0.0,65.00994035785287,8400.0,43568.0,18.0,12.0,12.0,4.0,0.0,0.0,1.0
8500.0,0.3125,2.710472068025006E-9,8500.0,82.39999999999999,63.88602758615028,0.0,66.08863198458573,8500.0,43568.0,18.0,12.0,12.0,4.0,0.0,0.0,1.0
8600.0,0.3125,2.710472068025006E-9,8600.0,83.6,66.40500811196144,7.865168539325848,68.09338521400777,8600.0,43568.0,18.0,12.0,12.0,4.0,0.0,0.0,1.0
8700.0,0.3125,2.710472068025006E-9,8700.0,85.6,70.62854905032309,15.294117647058833,70.49180327868852,8700.0,43568.0,18.0,12.0,12.0,4.0,0.0,0.0,1.0
8800.0,0.328125,2.8865825798776415E-9,8800.0,87.6,74.83510908168442,28.735632183908066,73.67303609341825,8800.0,43568.0,18.0,12.0,12.0,4.0,0.0,0.0,1.0
8900.0,0.328125,2.8865825798776415E-9,8900.0,87.9,75.17439474764053,29.239766081871366,73.4065934065934,8900.0,43568.0,18.0,12.0,12.0,4.0,0.0,0.0,1.0
9000.0,0.328125,2.8865825798776415E-9,9000.0,89.8,79.3856103476152,40.69767441860468,78.48101265822785,9000.0,43568.0,18.0,12.0,12.0,4.0,0.0,0.0,1.0
9100.0,0.34375,3.0626930917302768E-9,9100.0,88.8,77.6247023286292,34.11764705882355,77.82178217821783,9100.0,43568.0,18.0,12.0,12.0,4.0,0.0,0.0,1.0
9200.0,0.34375,3.0626930917302768E-9,9200.0,89.0,77.86898438757444,29.936305732484097,76.8421052631579,9200.0,43568.0,18.0,12.0,12.0,4.0,0.0,0.0,1.0
9300.0,0.34375,3.0626930917302768E-9,9300.0,85.7,71.38947132544776,6.535947712418305,71.05263157894737,9300.0,43568.0,18.0,12.0,12.0,4.0,0.0,0.0,1.0
9400.0,0.34375,3.0626930917302768E-9,9400.0,86.8,73.56531769681823,11.409395973154371,73.44064386317908,9400.0,43568.0,18.0,12.0,12.0,4.0,0.0,0.0,1.0
9500.0,0.359375,3.238803603582912E-9,9500.0,86.6,73.23169367468917,6.293706293706299,72.31404958677685,9500.0,43568.0,18.0,12.0,12.0,4.0,0.0,0.0,1.0
9600.0,0.359375,3.238803603582912E-9,9600.0,86.1,72.00425374216522,4.1379310344827624,70.2991452991453,9600.0,43568.0,18.0,12.0,12.0,4.0,0.0,0.0,1.0
9700.0,0.359375,3.238803603582912E-9,9700.0,83.89999999999999,67.91857295436067,-11.034482758620697,66.31799163179916,9700.0,43568.0,18.0,12.0,12.0,4.0,0.0,0.0,1.0
9800.0,0.375,3.4149141154355474E-9,9800.0,84.0,68.10970262297695,-7.382550335570476,66.73596673596673,9800.0,43568.0,18.0,12.0,12.0,4.0,0.0,0.0,1.0
9900.0,0.375,3.4149141154355474E-9,9900.0,83.5,67.2111601287707,-9.271523178807954,66.5991902834008,9900.0,43568.0,18.0,12.0,12.0,4.0,0.0,0.0,1.0
10000.0,0.375,3.4149141154355474E-9,10000.0,84.5,69.03096903096903,-8.391608391608397,68.10699588477365,10000.0,43512.0,20.0,13.0,13.0,4.0,0.0,0.0,1.0
10100.0,0.375,3.4149141154355474E-9,10100.0,85.7,71.0028551034975,-4.379562043795624,68.5022026431718,10100.0,43512.0,20.0,13.0,13.0,4.0,0.0,0.0,1.0
10200.0,0.390625,3.590798264162408E-9,10200.0,85.0,69.58723799405531,-12.781954887218056,67.46203904555314,10200.0,43512.0,20.0,13.0,13.0,4.0,0.0,0.0,1.0
10300.0,0.390625,3.590798264162408E-9,10300.0,87.7,75.01015847216578,10.869565217391314,72.72727272727273,10300.0,43512.0,20.0,13.0,13.0,4.0,0.0,0.0,1.0
10400.0,0.390625,3.590798264162408E-9,10400.0,88.6,76.88376997323384,22.97297297297299,74.43946188340807,10400.0,43512.0,20.0,13.0,13.0,4.0,0.0,0.0,1.0
10500.0,0.40625,3.7666824128892685E-9,10500.0,89.5,78.78616453854858,37.125748502994036,77.65957446808511,10500.0,43512.0,20.0,13.0,13.0,4.0,0.0,0.0,1.0
10600.0,0.40625,3.7666824128892685E-9,10600.0,89.1,78.1069985297544,33.939393939393966,77.29166666666667,10600.0,43512.0,20.0,13.0,13.0,4.0,0.0,0.0,1.0
10700.0,0.40625,3.7666824128892685E-9,10700.0,92.0,83.97127652753736,52.66272189349116,84.06374501992032,10700.0,43512.0,20.0,13.0,13.0,4.0,0.0,0.0,1.0
10800.0,0.40625,3.7666824128892685E-9,10800.0,91.0,81.98407392134648,44.44444444444448,82.03592814371258,10800.0,43512.0,20.0,13.0,13.0,4.0,0.0,0.0,1.0
10900.0,0.421875,3.942566561616129E-9,10900.0,90.9,81.79038532345079,46.470588235294144,82.33009708737865,10900.0,43512.0,20.0,13.0,13.0,4.0,0.0,0.0,1.0
11000.0,0.421875,3.942566561616129E-9,11000.0,90.5,80.96528067194564,46.927374301676004,80.96192384769539,11000.0,43512.0,20.0,13.0,13.0,4.0,0.0,0.0,1.0
11100.0,0.421875,3.942566561616129E-9,11100.0,90.10000000000001,79.849379198046,44.692737430167625,80.2,11100.0,43512.0,20.0,13.0,13.0,4.0,0.0,0.0,1.0
11200.0,0.421875,3.942566561616129E-9,11200.0,88.3,75.90291965992223,34.269662921348335,77.23735408560312,11200.0,43784.0,20.0,13.0,13.0,4.0,0.0,0.0,1.0
11300.0,0.4375,4.119550188382466E-9,11300.0,87.0,72.4350846242902,27.777777777777796,73.41513292433538,11300.0,43784.0,20.0,13.0,13.0,4.0,0.0,0.0,1.0
11400.0,0.4375,4.119550188382466E-9,11400.0,86.5,70.65242910931208,23.72881355932205,72.04968944099379,11400.0,43784.0,20.0,13.0,13.0,4.0,0.0,0.0,1.0
11500.0,0.4375,4.119550188382466E-9,11500.0,85.9,69.10388107842793,15.060240963855431,69.14660831509846,11500.0,43784.0,20.0,13.0,13.0,4.0,0.0,0.0,1.0
11600.0,0.453125,4.296630827916993E-9,11600.0,85.5,68.25744308231172,8.805031446540887,69.53781512605042,11600.0,43808.0,20.0,13.0,13.0,4.0,0.0,0.0,1.0
11700.0,0.453125,4.296630827916993E-9,11700.0,82.8,64.06725273256008,-8.860759493670892,63.40425531914893,11700.0,43808.0,20.0,13.0,13.0,4.0,0.0,0.0,1.0
11800.0,0.453125,4.296630827916993E-9,11800.0,82.0,62.77376791512418,-13.924050632911403,61.62046908315564,11800.0,43808.0,20.0,13.0,13.0,4.0,0.0,0.0,1.0
11900.0,0.453125,4.296630827916993E-9,11900.0,80.9,60.34086095630437,-37.410071942445995,56.68934240362813,11900.0,43808.0,20.0,13.0,13.0,4.0,0.0,0.0,1.0
12000.0,0.46875,4.473711467451519E-9,12000.0,79.10000000000001,57.69950048979526,-51.4492753623188,53.4521158129176,12000.0,43808.0,20.0,13.0,13.0,4.0,0.0,0.0,1.0
12100.0,0.46875,4.473711467451519E-9,12100.0,77.8,55.42383499590382,-46.05263157894733,51.948051948051955,12100.0,43808.0,20.0,13.0,13.0,4.0,0.0,0.0,1.0
12200.0,0.46875,4.473711467451519E-9,12200.0,78.8,57.48009386469845,-29.268292682926784,53.20088300220751,12200.0,43808.0,20.0,13.0,13.0,4.0,0.0,0.0,1.0
12300.0,0.484375,4.650792106986045E-9,12300.0,80.80000000000001,61.64832311287779,-17.07317073170726,57.80219780219781,12300.0,43808.0,20.0,13.0,13.0,4.0,0.0,0.0,1.0
12400.0,0.484375,4.650792106986045E-9,12400.0,79.0,58.242029198763966,-22.807017543859597,55.974842767295605,12400.0,43808.0,20.0,13.0,13.0,4.0,0.0,0.0,1.0
12500.0,0.484375,4.650792106986045E-9,12500.0,79.60000000000001,59.181550060627416,-29.936305732484026,59.118236472945895,12500.0,43808.0,20.0,13.0,13.0,4.0,0.0,0.0,1.0
12600.0,0.484375,4.650792106986045E-9,12600.0,77.5,55.660481468051906,-49.006622516556256,52.02558635394456,12600.0,43808.0,20.0,13.0,13.0,4.0,0.0,0.0,1.0
12700.0,0.5,4.827872746520572E-9,12700.0,79.4,59.52657885637045,-38.255033557046936,54.52538631346579,12700.0,43808.0,20.0,13.0,13.0,4.0,0.0,0.0,1.0
12800.0,0.5,4.827872746520572E-9,12800.0,79.7,59.79561118593044,-38.095238095238045,55.48245614035088,12800.0,43808.0,20.0,13.0,13.0,4.0,0.0,0.0,1.0
12900.0,0.5,4.827872746520572E-9,12900.0,77.60000000000001,55.25137142560341,-51.35135135135131,54.28571428571429,12900.0,43808.0,20.0,13.0,13.0,4.0,0.0,0.0,1.0
13000.0,0.5,4.827872746520572E-9,13000.0,79.4,58.812356293112074,-44.05594405594401,58.29959514170041,13000.0,43808.0,20.0,13.0,13.0,4.0,0.0,0.0,1.0
13100.0,0.515625,5.004953386055098E-9,13100.0,80.5,61.01715245292072,-46.61654135338341,59.87654320987655,13100.0,43808.0,20.0,13.0,13.0,4.0,0.0,0.0,1.0
13200.0,0.515625,5.004953386055098E-9,13200.0,81.8,63.602475031697836,-44.44444444444448,63.30645161290322,13200.0,43808.0,20.0,13.0,13.0,4.0,0.0,0.0,1.0
13300.0,0.515625,5.004953386055098E-9,13300.0,80.60000000000001,61.04589757079005,-64.40677966101691,61.20000000000001,13300.0,43808.0,20.0,13.0,13.0,4.0,0.0,0.0,1.0
13400.0,0.53125,5.1820340255896245E-9,13400.0,82.1,64.12825651302605,-73.78640776699037,62.93995859213249,13400.0,43808.0,20.0,13.0,13.0,4.0,0.0,0.0,1.0
13500.0,0.53125,5.1820340255896245E-9,13500.0,80.5,60.994383191179544,-80.55555555555554,58.4221748400853,13500.0,43808.0,20.0,13.0,13.0,4.0,0.0,0.0,1.0
13600.0,0.53125,5.1820340255896245E-9,13600.0,83.0,66.04332871256277,-53.15315315315321,66.06786427145708,13600.0,43808.0,20.0,13.0,13.0,4.0,0.0,0.0,1.0
13700.0,0.53125,5.1820340255896245E-9,13700.0,83.3,66.66719892696324,-56.07476635514025,66.26262626262626,13700.0,43808.0,20.0,13.0,13.0,4.0,0.0,0.0,1.0
13800.0,0.546875,5.359114665124151E-9,13800.0,84.8,69.5847923961981,-43.39622641509438,68.65979381443297,13800.0,43808.0,20.0,13.0,13.0,4.0,0.0,0.0,1.0
13900.0,0.546875,5.359114665124151E-9,13900.0,88.1,76.1931436253641,-14.423076923076938,75.15657620041753,13900.0,43808.0,20.0,13.0,13.0,4.0,0.0,0.0,1.0
14000.0,0.546875,5.359114665124151E-9,14000.0,89.1,78.19843028698067,-11.22448979591838,76.60944206008584,14000.0,43808.0,20.0,13.0,13.0,4.0,0.0,0.0,1.0
14100.0,0.546875,5.359114665124151E-9,14100.0,87.6,75.12996598421154,-25.25252525252528,73.94957983193278,14100.0,43808.0,20.0,13.0,13.0,4.0,0.0,0.0,1.0
14200.0,0.5625,5.536195304658677E-9,14200.0,86.5,73.01338536086102,-40.62500000000004,72.10743801652893,14200.0,43808.0,20.0,13.0,13.0,4.0,0.0,0.0,1.0
14300.0,0.5625,5.536195304658677E-9,14300.0,86.5,73.04097771387491,-43.6170212765958,72.39263803680981,14300.0,43808.0,20.0,13.0,13.0,4.0,0.0,0.0,1.0
14400.0,0.5625,5.536195304658677E-9,14400.0,85.3,70.38678485092666,-40.00000000000004,69.18238993710692,14400.0,43824.0,20.0,13.0,13.0,4.0,0.0,0.0,1.0
14500.0,0.5625,5.536195304658677E-9,14500.0,85.6,71.1220294795949,-34.579439252336485,70.85020242914979,14500.0,43824.0,20.0,13.0,13.0,4.0,0.0,0.0,1.0
14600.0,0.578125,5.7133406193719965E-9,14600.0,84.6,69.02555190834782,-32.7586206896552,67.6470588235294,14600.0,43824.0,20.0,13.0,13.0,4.0,0.0,0.0,1.0
14700.0,0.578125,5.7133406193719965E-9,14700.0,82.3,64.2978167207242,-41.60000000000004,63.95112016293278,14700.0,43824.0,20.0,13.0,13.0,4.0,0.0,0.0,1.0
14800.0,0.578125,5.7133406193719965E-9,14800.0,81.5,62.332839248774285,-45.66929133858272,62.39837398373983,14800.0,43824.0,20.0,13.0,13.0,4.0,0.0,0.0,1.0
14900.0,0.59375,5.890485934085316E-9,14900.0,80.60000000000001,59.68479327026983,-46.96969696969692,57.26872246696036,14900.0,43824.0,20.0,13.0,13.0,4.0,0.0,0.0,1.0
15000.0,0.59375,5.890485934085316E-9,15000.0,77.2,51.31617157206062,-57.2413793103448,49.333333333333336,15000.0,43824.0,20.0,13.0,13.0,4.0,0.0,0.0,1.0
15100.0,0.59375,5.890485934085316E-9,15100.0,74.5,44.71424854739398,-82.14285714285712,44.56521739130434,15100.0,43824.0,20.0,13.0,13.0,4.0,0.0,0.0,1.0
15200.0,0.59375,5.890485934085316E-9,15200.0,72.6,41.43822587746481,-100.0,38.70246085011185,15200.0,43824.0,20.0,13.0,13.0,4.0,0.0,0.0,1.0
15300.0,0.609375,6.067631248798635E-9,15300.0,73.0,42.44960077074904,-98.52941176470587,39.5973154362416,15300.0,43824.0,20.0,13.0,13.0,4.0,0.0,0.0,1.0
15400.0,0.609375,6.067631248798635E-9,15400.0,73.3,42.38487764878511,-100.75187969924812,39.04109589041095,15400.0,43824.0,20.0,13.0,13.0,4.0,0.0,0.0,1.0
15500.0,0.609375,6.067631248798635E-9,15500.0,72.7,37.87887062421496,-86.986301369863,33.088235294117645,15500.0,43824.0,20.0,13.0,13.0,4.0,0.0,0.0,1.0
15600.0,0.609375,6.067631248798635E-9,15600.0,71.3,34.41858764601575,-95.23809523809523,29.656862745098035,15600.0,43824.0,20.0,13.0,13.0,4.0,0.0,0.0,1.0
15700.0,0.625,6.2447765635119545E-9,15700.0,70.19999999999999,28.885070637647956,-98.66666666666667,23.58974358974358,15700.0,43824.0,20.0,13.0,13.0,4.0,0.0,0.0,1.0
15800.0,0.625,6.2447765635119545E-9,15800.0,68.2,24.03103738246314,-98.74999999999993,19.28934010152286,15800.0,43824.0,20.0,13.0,13.0,4.0,0.0,0.0,1.0
15900.0,0.625,6.2447765635119545E-9,15900.0,66.9,24.604114656413437,-103.06748466257662,20.432692307692324,15900.0,43824.0,20.0,13.0,13.0,4.0,0.0,0.0,1.0
16000.0,0.640625,6.421663177510103E-9,16000.0,66.7,25.488686810826316,-103.04878048780482,20.90261282660334,16000.0,43760.0,22.0,14.0,14.0,5.0,0.0,0.0,1.0
16100.0,0.640625,6.421663177510103E-9,16100.0,70.0,30.094372596994052,-84.04907975460122,23.27365728900255,16100.0,44080.0,22.0,14.0,14.0,5.0,0.0,0.0,1.0
16200.0,0.640625,6.421663177510103E-9,16200.0,72.1,34.887932563501764,-72.2222222222222,26.963350785340307,16200.0,44080.0,22.0,14.0,14.0,5.0,0.0,0.0,1.0
16300.0,0.640625,6.421663177510103E-9,16300.0,71.2,34.30537053595868,-67.44186046511625,27.63819095477387,16300.0,44080.0,22.0,14.0,14.0,5.0,0.0,0.0,1.0
16400.0,0.640625,6.421663177510103E-9,16400.0,70.5,33.583090930377054,-61.20218579234971,27.339901477832505,16400.0,44080.0,22.0,14.0,14.0,5.0,0.0,0.0,1.0
16500.0,0.640625,6.421663177510103E-9,16500.0,71.0,36.6646282868874,-65.7142857142857,31.27962085308057,16500.0,44080.0,22.0,14.0,14.0,5.0,0.0,0.0,1.0
16600.0,0.640625,6.421663177510103E-9,16600.0,71.0,36.96200330406051,-67.63005780346819,31.92488262910798,16600.0,44080.0,22.0,14.0,14.0,5.0,0.0,0.0,1.0
16700.0,0.65625,6.599843295084106E-9,16700.0,74.0,41.80841539838854,-55.68862275449099,35.0,16700.0,44080.0,22.0,14.0,14.0,5.0,0.0,0.0,1.0
16800.0,0.65625,6.599843295084106E-9,16800.0,74.4,41.99719955229089,-58.02469135802466,34.52685421994885,16800.0,44912.0,29.0,20.0,20.0,6.0,0.0,0.0,1.0
16900.0,0.671875,6.822907986740272E-9,16900.0,74.9,42.080487354624324,-51.204819277108406,34.120734908136484,16900.0,55184.0,29.0,20.0,20.0,6.0,0.0,0.0,1.0
17000.0,0.6875,7.073815342866713E-9,17000.0,77.7,46.645612020289015,-39.37499999999996,38.05555555555556,17000.0,62072.0,29.0,20.0,20.0,6.0,0.0,0.0,1.0
17100.0,0.6875,7.073815342866713E-9,17100.0,78.2,47.58809047545777,-33.742331288343514,39.106145251396654,17100.0,66144.0,29.0,20.0,20.0,6.0,0.0,0.0,1.0
17200.0,0.6875,7.073815342866713E-9,17200.0,77.5,44.61783847115697,-34.730538922155645,36.440677966101696,17200.0,66144.0,29.0,20.0,20.0,6.0,0.0,0.0,1.0
17300.0,0.703125,7.342346685214176E-9,17300.0,78.5,44.69880137867175,-37.820512820512775,35.628742514970064,17300.0,66432.0,29.0,20.0,20.0,6.0,0.0,0.0,1.0
17400.0,0.703125,7.342346685214176E-9,17400.0,79.3,46.8128841291702,-41.780821917808176,37.08206686930092,17400.0,66432.0,29.0,20.0,20.0,6.0,0.0,0.0,1.0
17500.0,0.703125,7.342346685214176E-9,17500.0,79.3,48.8029283735655,-37.99999999999996,39.117647058823536,17500.0,66704.0,29.0,20.0,20.0,6.0,0.0,0.0,1.0
17600.0,0.71875,7.611977505601115E-9,17600.0,80.2,53.19613655381736,-37.49999999999995,41.59292035398231,17600.0,66704.0,29.0,20.0,20.0,6.0,0.0,0.0,1.0
17700.0,0.71875,7.611977505601115E-9,17700.0,78.8,53.65532679552818,-49.295774647887285,43.76657824933688,17700.0,66704.0,29.0,20.0,20.0,6.0,0.0,0.0,1.0
17800.0,0.734375,7.881608325988054E-9,17800.0,79.3,56.311048450414106,-48.92086330935248,46.78663239074552,17800.0,66704.0,29.0,20.0,20.0,6.0,0.0,0.0,1.0
17900.0,0.734375,7.881608325988054E-9,17900.0,80.5,59.94807627529435,-46.61654135338341,51.49253731343285,17900.0,66704.0,29.0,20.0,20.0,6.0,0.0,0.0,1.0
18000.0,0.75,8.15243563718266E-9,18000.0,80.2,59.8194717275192,-42.44604316546758,52.17391304347827,18000.0,67000.0,29.0,20.0,20.0,6.0,0.0,0.0,1.0
18100.0,0.75,8.15243563718266E-9,18100.0,80.5,60.811897106109335,-37.32394366197178,54.11764705882355,18100.0,67000.0,29.0,20.0,20.0,6.0,0.0,0.0,1.0
18200.0,0.765625,8.424006712933381E-9,18200.0,81.69999999999999,63.429841249540374,-28.87323943661974,57.638888888888886,18200.0,67184.0,31.0,21.0,21.0,6.0,0.0,0.0,1.0
18300.0,0.765625,8.424006712933381E-9,18300.0,82.5,64.99999999999999,-12.179487179487188,59.01639344262295,18300.0,67192.0,31.0,21.0,21.0,6.0,0.0,0.0,1.0
18400.0,0.765625,8.424006712933381E-9,18400.0,83.1,66.25857511360277,-7.643312101910833,61.41552511415524,18400.0,67208.0,31.0,21.0,21.0,6.0,0.0,0.0,1.0
18500.0,0.78125,8.695707139041689E-9,18500.0,84.7,69.0391199825162,-2.0000000000000013,62.315270935960584,18500.0,67216.0,31.0,21.0,21.0,6.0,0.0,0.0,1.0
18600.0,0.78125,8.695707139041689E-9,18600.0,86.8,72.5293020777837,13.157894736842115,65.625,18600.0,67496.0,31.0,21.0,21.0,6.0,0.0,0.0,1.0
18700.0,0.78125,8.695707139041689E-9,18700.0,88.6,75.83465818759937,24.000000000000018,69.60000000000001,18700.0,67520.0,31.0,21.0,21.0,6.0,0.0,0.0,1.0
18800.0,0.796875,8.968636393547059E-9,18800.0,90.60000000000001,79.36813825981221,35.17241379310347,73.37110481586403,18800.0,67520.0,31.0,21.0,21.0,6.0,0.0,0.0,1.0
18900.0,0.796875,8.968636393547059E-9,18900.0,91.7,81.77906568317528,43.918918918918955,77.00831024930748,18900.0,67520.0,31.0,21.0,21.0,6.0,0.0,0.0,1.0
19000.0,0.8125,9.241565648052429E-9,19000.0,92.4,83.06104709474671,43.283582089552276,78.59154929577466,19000.0,67520.0,31.0,21.0,21.0,6.0,0.0,0.0,1.0
19100.0,0.8125,9.241565648052429E-9,19100.0,90.9,80.0419338708121,24.79338842975209,75.98944591029024,19100.0,67520.0,31.0,21.0,21.0,6.0,0.0,0.0,1.0
19200.0,0.828125,9.514494902557799E-9,19200.0,87.7,73.47651701384396,-4.237288135593224,69.40298507462687,19200.0,67520.0,31.0,21.0,21.0,6.0,0.0,0.0,1.0
19300.0,0.828125,9.514494902557799E-9,19300.0,86.6,71.21399601292363,-17.543859649122826,67.47572815533981,19300.0,67520.0,31.0,21.0,21.0,6.0,0.0,0.0,1.0
19400.0,0.828125,9.514494902557799E-9,19400.0,84.3,66.56672174994462,-37.71929824561407,62.25961538461539,19400.0,67520.0,31.0,21.0,21.0,6.0,0.0,0.0,1.0
19500.0,0.84375,9.80068256871568E-9,19500.0,82.5,63.82174664472541,-52.173913043478315,60.3174603174603,19500.0,70800.0,31.0,21.0,21.0,6.0,0.0,0.0,1.0
19600.0,0.84375,9.80068256871568E-9,19600.0,81.89999999999999,63.16886161259339,-60.17699115044254,60.99137931034482,19600.0,70800.0,31.0,21.0,21.0,6.0,0.0,0.0,1.0
19700.0,0.859375,1.008687023487356E-8,19700.0,80.7,60.78256063463166,-63.55932203389827,58.760683760683776,19700.0,70800.0,31.0,21.0,21.0,6.0,0.0,0.0,1.0
19800.0,0.859375,1.008687023487356E-8,19800.0,79.4,58.60843985967057,-62.20472440944879,57.70020533880904,19800.0,74512.0,38.0,27.0,27.0,6.0,0.0,0.0,1.0
19900.0,0.875,1.0427352713627949E-8,19900.0,78.3,56.51337464228744,-80.83333333333331,56.250000000000014,19900.0,84232.0,38.0,27.0,27.0,6.0,0.0,0.0,1.0
20000.0,0.875,1.0427352713627949E-8,20000.0,78.2,56.48355158096455,-75.8064516129032,57.587548638132304,20000.0,90752.0,38.0,27.0,27.0,6.0,0.0,0.0,1.0
20100.0,0.890625,1.0794190327740379E-8,20100.0,78.8,57.60966499638083,-51.42857142857139,57.51503006012024,20100.0,90752.0,38.0,27.0,27.0,6.0,0.0,0.0,1.0
20200.0,0.890625,1.0794190327740379E-8,20200.0,82.1,64.22003677940353,-25.174825174825195,61.00217864923746,20200.0,90752.0,38.0,27.0,27.0,6.0,0.0,0.0,1.0
20300.0,0.90625,1.1161027941852808E-8,20300.0,81.69999999999999,63.39765745007679,-27.083333333333353,61.06382978723403,20300.0,90752.0,38.0,27.0,27.0,6.0,0.0,0.0,1.0
20400.0,0.90625,1.1161027941852808E-8,20400.0,83.0,65.99999999999999,-9.677419354838717,65.37678207739307,20400.0,90752.0,38.0,27.0,27.0,6.0,0.0,0.0,1.0
20500.0,0.921875,1.1527865555965238E-8,20500.0,81.89999999999999,63.77362720060202,-18.300653594771255,63.28600405679512,20500.0,90752.0,38.0,27.0,27.0,6.0,0.0,0.0,1.0
20600.0,0.9375,1.1894703170077667E-8,20600.0,79.5,59.01475468831221,-26.543209876543163,57.991803278688536,20600.0,90752.0,38.0,27.0,27.0,6.0,0.0,0.0,1.0
20700.0,0.9375,1.1894703170077667E-8,20700.0,79.5,58.990157637833086,-24.24242424242419,57.81893004115227,20700.0,90752.0,38.0,27.0,27.0,6.0,0.0,0.0,1.0
20800.0,0.953125,1.2261540784190097E-8,20800.0,79.3,58.22334164830109,-26.993865030674797,55.00000000000001,20800.0,90752.0,38.0,27.0,27.0,6.0,0.0,0.0,1.0
20900.0,0.96875,1.2628378398302527E-8,20900.0,78.10000000000001,55.8787976468692,-31.13772455089816,51.54867256637168,20900.0,90752.0,38.0,27.0,27.0,6.0,0.0,0.0,1.0
21000.0,0.984375,1.2995216012414956E-8,21000.0,74.7,48.861615083600135,-38.25136612021854,43.01801801801801,21000.0,90752.0,38.0,27.0,27.0,6.0,0.0,0.0,1.0
21100.0,0.984375,1.2995216012414956E-8,21100.0,76.2,51.333025245481956,-31.49171270718228,43.467933491686466,21100.0,90752.0,38.0,27.0,27.0,6.0,0.0,0.0,1.0
21200.0,1.0,1.3362053626527386E-8,21200.0,73.9,45.600520234105346,-42.6229508196721,38.004750593824234,21200.0,90752.0,38.0,27.0,27.0,6.0,0.0,0.0,1.0
21300.0,1.015625,1.3730734483235409E-8,21300.0,73.6,44.67821159745854,-45.856353591160186,33.66834170854271,21300.0,91208.0,38.0,27.0,27.0,6.0,0.0,0.0,1.0
21400.0,1.015625,1.3730734483235409E-8,21400.0,74.9,46.96675174523758,-43.428571428571395,29.494382022471903,21400.0,91208.0,38.0,27.0,27.0,6.0,0.0,0.0,1.0
21500.0,1.03125,1.4099415339943431E-8,21500.0,77.9,51.12954871123534,-19.45945945945941,30.721003134796238,21500.0,91208.0,38.0,27.0,27.0,6.0,0.0,0.0,1.0
21600.0,1.03125,1.4099415339943431E-8,21600.0,78.2,50.018341892883356,-19.125683060109242,29.67741935483873,21600.0,91208.0,38.0,27.0,27.0,6.0,0.0,0.0,1.0
21700.0,1.046875,1.4468096196651454E-8,21700.0,77.5,48.36844279223463,-24.999999999999954,27.419354838709697,21700.0,91208.0,38.0,27.0,27.0,6.0,0.0,0.0,1.0
21800.0,1.046875,1.4468096196651454E-8,21800.0,78.4,50.31284504968716,-17.391304347826036,29.87012987012989,21800.0,91208.0,38.0,27.0,27.0,6.0,0.0,0.0,1.0
21900.0,1.0625,1.4836777053359477E-8,21900.0,78.9,49.53746663732985,-11.052631578947382,26.98961937716265,21900.0,91208.0,38.0,27.0,27.0,6.0,0.0,0.0,1.0
22000.0,1.0625,1.4836777053359477E-8,22000.0,81.89999999999999,55.565375362105364,3.208556149732622,33.94160583941604,22000.0,91208.0,38.0,27.0,27.0,6.0,0.0,0.0,1.0
22100.0,1.078125,1.5207462840610075E-8,22100.0,79.5,51.3290724508305,-9.042553191489372,31.89368770764122,22100.0,91704.0,38.0,27.0,27.0,6.0,0.0,0.0,1.0
22200.0,1.078125,1.5207462840610075E-8,22200.0,80.80000000000001,53.40280845156563,-3.7837837837837256,36.21262458471763,22200.0,91704.0,38.0,27.0,27.0,6.0,0.0,0.0,1.0
22300.0,1.09375,1.5578148627860674E-8,22300.0,81.2,54.192595769150195,-2.732240437158411,39.549839228295845,22300.0,91704.0,38.0,27.0,27.0,6.0,0.0,0.0,1.0
22400.0,1.109375,1.5948834415111272E-8,22400.0,80.4,54.43047392307122,-3.157894736842109,40.96385542168676,22400.0,91704.0,38.0,27.0,27.0,6.0,0.0,0.0,1.0
22500.0,1.109375,1.5948834415111272E-8,22500.0,78.5,49.797790168772835,-16.216216216216168,37.13450292397661,22500.0,91704.0,38.0,27.0,27.0,6.0,0.0,0.0,1.0
22600.0,1.125,1.631952020236187E-8,22600.0,78.8,52.50959888531964,-17.777777777777725,43.163538873994646,22600.0,91704.0,38.0,27.0,27.0,6.0,0.0,0.0,1.0
22700.0,1.125,1.631952020236187E-8,22700.0,79.5,53.24459690000274,-16.477272727272673,43.37016574585636,22700.0,91704.0,38.0,27.0,27.0,6.0,0.0,0.0,1.0
22800.0,1.140625,1.669020598961247E-8,22800.0,76.7,47.6140798963973,-36.257309941520425,39.16449086161881,22800.0,91704.0,38.0,27.0,27.0,6.0,0.0,0.0,1.0
22900.0,1.140625,1.669020598961247E-8,22900.0,76.5,48.757086785870044,-45.06172839506169,42.40196078431373,22900.0,91704.0,38.0,27.0,27.0,6.0,0.0,0.0,1.0
23000.0,1.15625,1.706089177686307E-8,23000.0,74.6,45.72951075367608,-68.2119205298013,40.515222482435604,23000.0,91704.0,38.0,27.0,27.0,6.0,0.0,0.0,1.0
23100.0,1.15625,1.706089177686307E-8,23100.0,73.9,43.51627423822715,-75.16778523489931,38.004750593824234,23100.0,91704.0,38.0,27.0,27.0,6.0,0.0,0.0,1.0
23200.0,1.171875,1.7431577564113667E-8,23200.0,72.89999999999999,42.237189871259275,-75.97402597402596,38.4090909090909,23200.0,91704.0,38.0,27.0,27.0,6.0,0.0,0.0,1.0
23300.0,1.171875,1.7431577564113667E-8,23300.0,73.0,42.60082059567592,-84.93150684931506,38.21510297482838,23300.0,92168.0,38.0,27.0,27.0,6.0,0.0,0.0,1.0
23400.0,1.1875,1.7804138931549256E-8,23400.0,73.6,41.51606314492939,-109.52380952380953,35.76642335766424,23400.0,92168.0,38.0,27.0,27.0,6.0,0.0,0.0,1.0
23500.0,1.203125,1.8176700298984844E-8,23500.0,73.3,41.158321579689705,-110.23622047244095,35.66265060240964,23500.0,92168.0,38.0,27.0,27.0,6.0,0.0,0.0,1.0
23600.0,1.203125,1.8176700298984844E-8,23600.0,74.2,43.2458116288892,-88.32116788321167,37.37864077669904,23600.0,92168.0,38.0,27.0,27.0,6.0,0.0,0.0,1.0
23700.0,1.21875,1.8549261666420433E-8,23700.0,73.7,42.21608985288172,-89.20863309352517,36.009732360097324,23700.0,92168.0,38.0,27.0,27.0,6.0,0.0,0.0,1.0
23800.0,1.21875,1.8549261666420433E-8,23800.0,76.6,46.995505943751816,-72.05882352941174,38.7434554973822,23800.0,92168.0,38.0,27.0,27.0,6.0,0.0,0.0,1.0
23900.0,1.234375,1.892182303385602E-8,23900.0,76.8,45.758907696623965,-56.75675675675672,37.2972972972973,23900.0,92168.0,38.0,27.0,27.0,6.0,0.0,0.0,1.0
24000.0,1.234375,1.892182303385602E-8,24000.0,74.0,40.64143775569841,-75.67567567567566,34.34343434343434,24000.0,92168.0,38.0,27.0,27.0,6.0,0.0,0.0,1.0
24100.0,1.25,1.929632465665539E-8,24100.0,76.5,47.28814319680589,-69.06474820143882,40.50632911392405,24100.0,92648.0,38.0,27.0,27.0,6.0,0.0,0.0,1.0
24200.0,1.25,1.929632465665539E-8,24200.0,79.0,51.142793329362725,-62.790697674418574,42.30769230769232,24200.0,92648.0,38.0,27.0,27.0,6.0,0.0,0.0,1.0
24300.0,1.265625,1.967082627945476E-8,24300.0,78.4,50.93384701355226,-66.15384615384613,42.70557029177719,24300.0,92648.0,38.0,27.0,27.0,6.0,0.0,0.0,1.0
24400.0,1.28125,2.0047235820028514E-8,24400.0,78.0,51.36939366475829,-64.17910447761192,42.85714285714287,24400.0,93120.0,38.0,27.0,27.0,6.0,0.0,0.0,1.0
24500.0,1.28125,2.0047235820028514E-8,24500.0,78.2,51.6535377191115,-74.39999999999998,42.93193717277487,24500.0,93120.0,38.0,27.0,27.0,6.0,0.0,0.0,1.0
24600.0,1.296875,2.042364536060227E-8,24600.0,76.0,44.8308836713208,-110.5263157894737,32.01133144475921,24600.0,93120.0,38.0,27.0,27.0,6.0,0.0,0.0,1.0
24700.0,1.296875,2.042364536060227E-8,24700.0,74.0,40.01172078686164,-109.67741935483872,28.37465564738292,24700.0,93120.0,38.0,27.0,27.0,6.0,0.0,0.0,1.0
24800.0,1.3125,2.0800054901176023E-8,24800.0,72.39999999999999,38.86907794192563,-128.09917355371903,30.126582278481013,24800.0,93120.0,38.0,27.0,27.0,6.0,0.0,0.0,1.0
24900.0,1.3125,2.0800054901176023E-8,24900.0,72.7,39.8604233121266,-145.945945945946,31.57894736842105,24900.0,93120.0,38.0,27.0,27.0,6.0,0.0,0.0,1.0
25000.0,1.328125,2.1176464441749777E-8,25000.0,77.9,51.18912997384976,-90.51724137931033,41.379310344827594,25000.0,93120.0,38.0,27.0,27.0,6.0,0.0,0.0,1.0
25100.0,1.328125,2.1176464441749777E-8,25100.0,78.0,50.47209102329163,-83.33333333333331,40.37940379403795,25100.0,93120.0,38.0,27.0,27.0,6.0,0.0,0.0,1.0
25200.0,1.34375,2.155287398232353E-8,25200.0,75.1,45.28578836806624,-90.07633587786259,37.27959697732997,25200.0,93120.0,38.0,27.0,27.0,6.0,0.0,0.0,1.0
25300.0,1.34375,2.155287398232353E-8,25300.0,73.9,43.01210501493477,-79.99999999999999,36.496350364963504,25300.0,93120.0,38.0,27.0,27.0,6.0,0.0,0.0,1.0
25400.0,1.359375,2.1929283522897286E-8,25400.0,74.8,45.71118349619979,-67.99999999999997,40.845070422535215,25400.0,93120.0,38.0,27.0,27.0,6.0,0.0,0.0,1.0
25500.0,1.375,2.230569306347104E-8,25500.0,76.2,50.16082557126583,-55.55555555555552,46.63677130044842,25500.0,93120.0,38.0,27.0,27.0,6.0,0.0,0.0,1.0
25600.0,1.375,2.230569306347104E-8,25600.0,78.9,56.355543052878055,-37.908496732026094,53.93013100436682,25600.0,93120.0,38.0,27.0,27.0,6.0,0.0,0.0,1.0
25700.0,1.390625,2.2682102604044795E-8,25700.0,80.80000000000001,60.65073841348697,-29.729729729729677,58.531317494600444,25700.0,93120.0,38.0,27.0,27.0,6.0,0.0,0.0,1.0
25800.0,1.390625,2.2682102604044795E-8,25800.0,82.89999999999999,64.83478518372281,-18.750000000000014,62.25165562913906,25800.0,93120.0,38.0,27.0,27.0,6.0,0.0,0.0,1.0
25900.0,1.40625,2.305851214461855E-8,25900.0,82.0,63.069347558473524,-23.28767123287673,60.69868995633186,25900.0,93120.0,38.0,27.0,27.0,6.0,0.0,0.0,1.0
26000.0,1.40625,2.305851214461855E-8,26000.0,81.8,62.1420132128534,-30.00000000000002,58.82352941176469,26000.0,93120.0,38.0,27.0,27.0,6.0,0.0,0.0,1.0
26100.0,1.421875,2.3434921685192303E-8,26100.0,82.1,63.116510615851226,-30.656934306569365,60.398230088495566,26100.0,93120.0,38.0,27.0,27.0,6.0,0.0,0.0,1.0
26200.0,1.421875,2.3434921685192303E-8,26200.0,83.2,64.89879151553646,-33.333333333333364,61.29032258064516,26200.0,93120.0,38.0,27.0,27.0,6.0,0.0,0.0,1.0
26300.0,1.4375,2.3811331225766058E-8,26300.0,85.3,68.03041242942768,-23.529411764705905,63.06532663316583,26300.0,93120.0,38.0,27.0,27.0,6.0,0.0,0.0,1.0
26400.0,1.453125,2.4187740766339812E-8,26400.0,84.0,65.51724137931035,-40.350877192982495,60.97560975609756,26400.0,93120.0,38.0,27.0,27.0,6.0,0.0,0.0,1.0
26500.0,1.453125,2.4187740766339812E-8,26500.0,82.39999999999999,61.62567591139019,-46.666666666666714,56.650246305418705,26500.0,93120.0,38.0,27.0,27.0,6.0,0.0,0.0,1.0
26600.0,1.46875,2.4564150306913566E-8,26600.0,82.69999999999999,61.987713022614,-45.37815126050425,56.96517412935322,26600.0,93120.0,38.0,27.0,27.0,6.0,0.0,0.0,1.0
26700.0,1.46875,2.4564150306913566E-8,26700.0,83.1,62.685908079273666,-50.892857142857196,56.777493606138094,26700.0,93120.0,38.0,27.0,27.0,6.0,0.0,0.0,1.0
26800.0,1.484375,2.494055984748732E-8,26800.0,83.0,63.252301054442796,-51.785714285714334,58.230958230958215,26800.0,93120.0,38.0,27.0,27.0,6.0,0.0,0.0,1.0
26900.0,1.484375,2.494055984748732E-8,26900.0,84.89999999999999,66.78603165665115,-32.45614035087723,60.88082901554404,26900.0,93120.0,38.0,27.0,27.0,6.0,0.0,0.0,1.0
27000.0,1.5,2.5316969388061075E-8,27000.0,84.8,67.46853865251262,-42.05607476635518,62.926829268292686,27000.0,93120.0,38.0,27.0,27.0,6.0,0.0,0.0,1.0
27100.0,1.5,2.5316969388061075E-8,27100.0,83.8,66.07756093475165,-55.76923076923082,62.67281105990783,27100.0,93120.0,38.0,27.0,27.0,6.0,0.0,0.0,1.0
27200.0,1.515625,2.569337892863483E-8,27200.0,85.39999999999999,70.20882390150139,-43.13725490196083,68.1917211328976,27200.0,93120.0,38.0,27.0,27.0,6.0,0.0,0.0,1.0
27300.0,1.53125,2.6069788469208584E-8,27300.0,85.1,70.16993129074106,-56.84210526315796,69.95967741935483,27300.0,93120.0,38.0,27.0,27.0,6.0,0.0,0.0,1.0
27400.0,1.53125,2.6069788469208584E-8,27400.0,82.1,64.09573401156959,-103.40909090909105,61.67023554603853,27400.0,93120.0,38.0,27.0,27.0,6.0,0.0,0.0,1.0
27500.0,1.546875,2.6446198009782338E-8,27500.0,83.0,65.83065673477755,-123.68421052631598,61.45124716553286,27500.0,93120.0,38.0,27.0,27.0,6.0,0.0,0.0,1.0
27600.0,1.546875,2.6446198009782338E-8,27600.0,82.3,64.40178916205431,-118.51851851851869,60.84070796460176,27600.0,93120.0,38.0,27.0,27.0,6.0,0.0,0.0,1.0
27700.0,1.5625,2.6822607550356092E-8,27700.0,82.3,64.19816014951817,-129.87012987013006,59.681093394077436,27700.0,93120.0,38.0,27.0,27.0,6.0,0.0,0.0,1.0
27800.0,1.5625,2.6822607550356092E-8,27800.0,80.0,59.35884514094353,-143.9024390243903,54.75113122171946,27800.0,93120.0,38.0,27.0,27.0,6.0,0.0,0.0,1.0
27900.0,1.578125,2.7199017090929847E-8,27900.0,79.9,59.35222410069324,-145.12195121951225,54.932735426008975,27900.0,93120.0,38.0,27.0,27.0,6.0,0.0,0.0,1.0
28000.0,1.578125,2.7199017090929847E-8,28000.0,78.60000000000001,55.865368751031184,-135.1648351648352,47.804878048780495,28000.0,93120.0,38.0,27.0,27.0,6.0,0.0,0.0,1.0
28100.0,1.578125,2.7199017090929847E-8,28100.0,77.60000000000001,52.41332426920463,-126.2626262626263,41.05263157894738,28100.0,93120.0,38.0,27.0,27.0,6.0,0.0,0.0,1.0
28200.0,1.578125,2.7199017090929847E-8,28200.0,76.9,49.8549919247,-113.8888888888889,37.22826086956522,28200.0,93120.0,38.0,27.0,27.0,6.0,0.0,0.0,1.0
28300.0,1.59375,2.75754266315036E-8,28300.0,76.4,45.90332281962885,-100.0,29.34131736526946,28300.0,93120.0,38.0,27.0,27.0,6.0,0.0,0.0,1.0
28400.0,1.59375,2.75754266315036E-8,28400.0,79.3,51.905204460966544,-61.718749999999964,41.69014084507043,28400.0,93120.0,38.0,27.0,27.0,6.0,0.0,0.0,1.0
28500.0,1.609375,2.7951836172077356E-8,28500.0,78.4,50.37243648361142,-57.664233576642296,41.7789757412399,28500.0,93120.0,38.0,27.0,27.0,6.0,0.0,0.0,1.0
28600.0,1.625,2.832824571265111E-8,28600.0,78.60000000000001,51.24773894303276,-65.89147286821702,42.00542005420055,28600.0,93120.0,38.0,27.0,27.0,6.0,0.0,0.0,1.0
28700.0,1.625,2.832824571265111E-8,28700.0,78.10000000000001,49.35291995448702,-68.46153846153842,40.970350404312676,28700.0,93120.0,38.0,27.0,27.0,6.0,0.0,0.0,1.0
28800.0,1.640625,2.8704655253224864E-8,28800.0,76.2,43.63929146537841,-87.4015748031496,34.97267759562842,28800.0,93120.0,38.0,27.0,27.0,6.0,0.0,0.0,1.0
28900.0,1.640625,2.8704655253224864E-8,28900.0,73.6,35.24046881975754,-107.87401574803151,27.272727272727266,28900.0,93120.0,38.0,27.0,27.0,6.0,0.0,0.0,1.0
29000.0,1.65625,2.908106479379862E-8,29000.0,74.8,40.376197799597776,-117.24137931034484,33.85826771653544,29000.0,93120.0,38.0,27.0,27.0,6.0,0.0,0.0,1.0
29100.0,1.671875,2.9457474334372373E-8,29100.0,76.0,40.789571069784444,-114.2857142857143,32.773109243697476,29100.0,93120.0,38.0,27.0,27.0,6.0,0.0,0.0,1.0
29200.0,1.671875,2.9457474334372373E-8,29200.0,74.3,37.36656885778068,-135.7798165137615,28.412256267409465,29200.0,93120.0,38.0,27.0,27.0,6.0,0.0,0.0,1.0
29300.0,1.6875,2.983388387494613E-8,29300.0,72.8,35.48876745598057,-174.74747474747483,27.6595744680851,29300.0,93120.0,38.0,27.0,27.0,6.0,0.0,0.0,1.0
29400.0,1.6875,2.983388387494613E-8,29400.0,70.89999999999999,31.41774371447154,-219.78021978021994,21.98391420911527,29400.0,93120.0,38.0,27.0,27.0,6.0,0.0,0.0,1.0
29500.0,1.703125,3.021029341551989E-8,29500.0,69.89999999999999,32.309657455382826,-223.65591397849477,22.422680412371125,29500.0,93120.0,38.0,27.0,27.0,6.0,0.0,0.0,1.0
29600.0,1.71875,3.0586702956093646E-8,29600.0,69.19999999999999,29.87345345919681,-217.5257731958764,20.413436692506448,29600.0,93120.0,38.0,27.0,27.0,6.0,0.0,0.0,1.0
29700.0,1.71875,3.0586702956093646E-8,29700.0,68.7,33.17677198975237,-195.2830188679245,25.653206650831372,29700.0,93120.0,38.0,27.0,27.0,6.0,0.0,0.0,1.0
29800.0,1.734375,3.0963112496667404E-8,29800.0,68.4,32.7316076294278,-184.68468468468467,19.38775510204083,29800.0,93120.0,38.0,27.0,27.0,6.0,0.0,0.0,1.0
29900.0,1.734375,3.0963112496667404E-8,29900.0,68.8,35.78106282341026,-194.33962264150952,22.580645161290313,29900.0,93120.0,38.0,27.0,27.0,6.0,0.0,0.0,1.0
30000.0,1.75,3.133952203724116E-8,30000.0,67.9,34.01578687715838,-197.2222222222222,18.939393939393955,30000.0,93120.0,38.0,27.0,27.0,6.0,0.0,0.0,1.0
30100.0,1.75,3.133952203724116E-8,30100.0,66.10000000000001,31.532856150328815,-213.88888888888889,17.917675544794204,30100.0,93120.0,38.0,27.0,27.0,6.0,0.0,0.0,1.0
30200.0,1.765625,3.171593157781492E-8,30200.0,66.0,31.930569180564177,-203.57142857142856,18.07228915662652,30200.0,93120.0,38.0,27.0,27.0,6.0,0.0,0.0,1.0
30300.0,1.765625,3.171593157781492E-8,30300.0,65.3,29.75424106239119,-201.7391304347826,16.183574879227066,30300.0,93120.0,38.0,27.0,27.0,6.0,0.0,0.0,1.0
30400.0,1.78125,3.2092341118388677E-8,30400.0,65.7,30.949236616633378,-174.39999999999998,15.099009900990112,30400.0,93120.0,38.0,27.0,27.0,6.0,0.0,0.0,1.0
30500.0,1.78125,3.2092341118388677E-8,30500.0,68.0,34.97203797632983,-168.90756302521007,19.191919191919208,30500.0,93120.0,38.0,27.0,27.0,6.0,0.0,0.0,1.0
30600.0,1.796875,3.2468750658962434E-8,30600.0,68.10000000000001,35.88300557958547,-153.17460317460313,19.647355163727976,30600.0,93120.0,38.0,27.0,27.0,6.0,0.0,0.0,1.0
30700.0,1.8125,3.284516019953619E-8,30700.0,69.0,36.75018362849913,-156.19834710743808,16.2162162162162,30700.0,93120.0,38.0,27.0,27.0,6.0,0.0,0.0,1.0
30800.0,1.8125,3.284516019953619E-8,30800.0,71.8,42.06471494607087,-125.60000000000002,24.79999999999999,30800.0,93120.0,38.0,27.0,27.0,6.0,0.0,0.0,1.0
30900.0,1.828125,3.322156974010995E-8,30900.0,73.8,44.761165834570235,-113.00813008130082,25.988700564971744,30900.0,93120.0,38.0,27.0,27.0,6.0,0.0,0.0,1.0
31000.0,1.828125,3.322156974010995E-8,31000.0,71.5,39.85616126145897,-91.27516778523488,24.802110817941944,31000.0,93120.0,38.0,27.0,27.0,6.0,0.0,0.0,1.0
31100.0,1.84375,3.359797928068371E-8,31100.0,71.1,39.409441225061414,-85.25641025641025,27.568922305764403,31100.0,93120.0,38.0,27.0,27.0,6.0,0.0,0.0,1.0
31200.0,1.84375,3.359797928068371E-8,31200.0,71.6,39.62995714577239,-75.30864197530862,26.8041237113402,31200.0,93120.0,38.0,27.0,27.0,6.0,0.0,0.0,1.0
31300.0,1.859375,3.3974388821257465E-8,31300.0,75.1,46.74935842600513,-48.21428571428568,31.780821917808215,31300.0,93120.0,38.0,27.0,27.0,6.0,0.0,0.0,1.0
31400.0,1.859375,3.3974388821257465E-8,31400.0,74.5,45.072461270700146,-48.25581395348834,34.78260869565217,31400.0,93120.0,38.0,27.0,27.0,6.0,0.0,0.0,1.0
31500.0,1.875,3.435079836183122E-8,31500.0,74.0,42.87020109689213,-52.9411764705882,31.216931216931215,31500.0,93120.0,38.0,27.0,27.0,6.0,0.0,0.0,1.0
31600.0,1.875,3.435079836183122E-8,31600.0,72.8,39.95054750971388,-66.87116564417175,29.896907216494846,31600.0,93120.0,38.0,27.0,27.0,6.0,0.0,0.0,1.0
31700.0,1.890625,3.472720790240498E-8,31700.0,71.39999999999999,37.641723356009074,-66.27906976744184,29.556650246305416,31700.0,93120.0,38.0,27.0,27.0,6.0,0.0,0.0,1.0
31800.0,1.890625,3.472720790240498E-8,31800.0,71.0,37.17477112119204,-77.91411042944783,29.09535452322738,31800.0,93120.0,38.0,27.0,27.0,6.0,0.0,0.0,1.0
31900.0,1.90625,3.510361744297874E-8,31900.0,69.5,33.73425917074399,-83.73493975903614,26.32850241545893,31900.0,93120.0,38.0,27.0,27.0,6.0,0.0,0.0,1.0
32000.0,1.921875,3.5480026983552496E-8,32000.0,70.6,37.10395817199286,-104.16666666666667,29.832935560859188,32000.0,93120.0,38.0,27.0,27.0,6.0,0.0,0.0,1.0
32100.0,1.921875,3.5480026983552496E-8,32100.0,71.6,38.00426111557403,-105.79710144927536,27.55102040816326,32100.0,93120.0,38.0,27.0,27.0,6.0,0.0,0.0,1.0
32200.0,1.9375,3.585643652412625E-8,32200.0,70.6,35.07067137809186,-127.90697674418607,26.499999999999996,32200.0,93120.0,38.0,27.0,27.0,6.0,0.0,0.0,1.0
32300.0,1.9375,3.585643652412625E-8,32300.0,67.80000000000001,29.74586329679537,-153.54330708661413,22.596153846153864,32300.0,93120.0,38.0,27.0,27.0,6.0,0.0,0.0,1.0
32400.0,1.953125,3.623284606470001E-8,32400.0,68.8,33.90530664124563,-166.66666666666674,28.275862068965512,32400.0,93120.0,38.0,27.0,27.0,6.0,0.0,0.0,1.0
32500.0,1.96875,3.660925560527377E-8,32500.0,69.19999999999999,36.01675197766402,-135.11450381679393,31.858407079646,32500.0,93120.0,38.0,27.0,27.0,6.0,0.0,0.0,1.0
32600.0,1.96875,3.660925560527377E-8,32600.0,69.89999999999999,37.19012403385472,-135.15625000000003,32.662192393736,32600.0,93120.0,38.0,27.0,27.0,6.0,0.0,0.0,1.0
32700.0,1.984375,3.6985665145847526E-8,32700.0,70.39999999999999,38.56167909270544,-142.62295081967218,34.80176211453743,32700.0,93120.0,38.0,27.0,27.0,6.0,0.0,0.0,1.0
32800.0,2.0,3.7362074686421284E-8,32800.0,71.6,41.509146404254174,-120.15503875968993,39.18629550321198,32800.0,93120.0,38.0,27.0,27.0,6.0,0.0,0.0,1.0
32900.0,2.0,3.7362074686421284E-8,32900.0,73.7,46.3593718131756,-117.35537190082646,44.63157894736842,32900.0,93120.0,38.0,27.0,27.0,6.0,0.0,0.0,1.0
33000.0,2.0,3.7362074686421284E-8,33000.0,74.4,47.17401621922783,-118.80341880341882,43.73626373626373,33000.0,93120.0,38.0,27.0,27.0,6.0,0.0,0.0,1.0
33100.0,2.0,3.7362074686421284E-8,33100.0,73.6,45.59124183868626,-123.72881355932206,42.105263157894726,33100.0,93120.0,38.0,27.0,27.0,6.0,0.0,0.0,1.0
33200.0,2.015625,3.773848422699504E-8,33200.0,74.9,49.128496149169024,-112.71186440677967,47.1578947368421,33200.0,93120.0,38.0,27.0,27.0,6.0,0.0,0.0,1.0
33300.0,2.015625,3.773848422699504E-8,33300.0,77.4,54.730284638343065,-100.0,54.343434343434346,33300.0,93120.0,38.0,27.0,27.0,6.0,0.0,0.0,1.0
33400.0,2.03125,3.81148937675688E-8,33400.0,76.1,51.56531184643569,-97.52066115702479,46.65178571428571,33400.0,93120.0,38.0,27.0,27.0,6.0,0.0,0.0,1.0
33500.0,2.046875,3.849130330814256E-8,33500.0,73.5,46.629824462471696,-110.31746031746033,40.97995545657015,33500.0,93120.0,38.0,27.0,27.0,6.0,0.0,0.0,1.0
33600.0,2.046875,3.849130330814256E-8,33600.0,73.4,46.85951734057855,-106.20155038759691,38.139534883720934,33600.0,93120.0,38.0,27.0,27.0,6.0,0.0,0.0,1.0
33700.0,2.0625,3.8868747651576995E-8,33700.0,73.9,48.2442711762233,-96.2406015037594,38.732394366197184,33700.0,93376.0,40.0,28.0,28.0,7.0,0.0,0.0,1.0
33800.0,2.0625,3.8868747651576995E-8,33800.0,70.8,42.54230617866981,-110.07194244604317,30.143540669856456,33800.0,93376.0,40.0,28.0,28.0,7.0,0.0,0.0,1.0
33900.0,2.078125,3.9246191995011434E-8,33900.0,70.6,41.960778120397826,-110.00000000000001,24.031007751937977,33900.0,93376.0,40.0,28.0,28.0,7.0,0.0,0.0,1.0
34000.0,2.078125,3.9246191995011434E-8,34000.0,69.5,38.31904222617698,-114.7887323943662,20.77922077922077,34000.0,96792.0,40.0,28.0,28.0,7.0,0.0,0.0,1.0
34100.0,2.09375,3.9637444489118125E-8,34100.0,67.2,33.05685269242075,-134.28571428571422,22.64150943396228,34100.0,96792.0,40.0,28.0,28.0,7.0,0.0,0.0,1.0
34200.0,2.09375,3.9637444489118125E-8,34200.0,65.0,27.28179343874011,-146.47887323943658,14.841849148418504,34200.0,96792.0,40.0,28.0,28.0,7.0,0.0,0.0,1.0
34300.0,2.109375,4.002869698322482E-8,34300.0,61.5,20.392043339812254,-183.08823529411765,11.494252873563227,34300.0,96792.0,40.0,28.0,28.0,7.0,0.0,0.0,1.0
34400.0,2.125,4.041994947733151E-8,34400.0,61.8,21.20104460185898,-193.84615384615384,13.378684807256224,34400.0,96792.0,40.0,28.0,28.0,7.0,0.0,0.0,1.0
34500.0,2.125,4.041994947733151E-8,34500.0,64.2,24.096257818297474,-214.03508771929825,14.558472553699294,34500.0,96792.0,40.0,28.0,28.0,7.0,0.0,0.0,1.0
34600.0,2.140625,4.08112019714382E-8,34600.0,65.60000000000001,26.550656560264773,-207.14285714285717,19.058823529411782,34600.0,96792.0,40.0,28.0,28.0,7.0,0.0,0.0,1.0
34700.0,2.140625,4.08112019714382E-8,34700.0,64.1,21.05587221166703,-214.9122807017544,10.025062656641612,34700.0,96792.0,40.0,28.0,28.0,7.0,0.0,0.0,1.0
34800.0,2.15625,4.120245446554489E-8,34800.0,64.2,20.117815066047847,-240.952380952381,8.673469387755109,34800.0,96792.0,40.0,28.0,28.0,7.0,0.0,0.0,1.0
34900.0,2.15625,4.120245446554489E-8,34900.0,62.2,19.84460880776277,-220.3389830508475,13.30275229357799,34900.0,96792.0,40.0,28.0,28.0,7.0,0.0,0.0,1.0
35000.0,2.171875,4.159370695965158E-8,35000.0,63.0,20.874232800838318,-203.27868852459017,12.114014251781482,35000.0,96792.0,40.0,28.0,28.0,7.0,0.0,0.0,1.0
35100.0,2.1875,4.1984959453758275E-8,35100.0,63.9,22.31881563091755,-188.79999999999998,8.607594936708868,35100.0,96792.0,40.0,28.0,28.0,7.0,0.0,0.0,1.0
35200.0,2.1875,4.1984959453758275E-8,35200.0,64.60000000000001,25.736343039355546,-185.48387096774192,9.230769230769239,35200.0,96792.0,40.0,28.0,28.0,7.0,0.0,0.0,1.0
35300.0,2.203125,4.2376211947864966E-8,35300.0,66.3,28.914951063111726,-161.24031007751935,0.8823529411764715,35300.0,96792.0,40.0,28.0,28.0,7.0,0.0,0.0,1.0
35400.0,2.203125,4.2376211947864966E-8,35400.0,66.5,28.32998160112962,-170.16129032258064,-5.015673981191228,35400.0,96792.0,40.0,28.0,28.0,7.0,0.0,0.0,1.0
35500.0,2.21875,4.276746444197166E-8,35500.0,65.10000000000001,27.247408840377908,-166.412213740458,-8.385093167701871,35500.0,96792.0,40.0,28.0,28.0,7.0,0.0,0.0,1.0
35600.0,2.21875,4.276746444197166E-8,35600.0,64.2,26.864445906247575,-150.34965034965032,-12.225705329153618,35600.0,96792.0,40.0,28.0,28.0,7.0,0.0,0.0,1.0
35700.0,2.234375,4.316052784108454E-8,35700.0,65.10000000000001,28.313203516555742,-166.412213740458,-11.858974358974333,35700.0,97240.0,40.0,28.0,28.0,7.0,0.0,0.0,1.0
35800.0,2.25,4.355359124019743E-8,35800.0,65.2,29.738700650522727,-150.3597122302158,-9.0909090909091,35800.0,97240.0,40.0,28.0,28.0,7.0,0.0,0.0,1.0
35900.0,2.25,4.355359124019743E-8,35900.0,64.1,29.90362236211126,-147.5862068965517,-18.09210526315787,35900.0,97240.0,40.0,28.0,28.0,7.0,0.0,0.0,1.0
36000.0,2.265625,4.395024411173331E-8,36000.0,64.0,30.998527968596672,-133.7662337662337,-17.647058823529388,36000.0,98128.0,40.0,28.0,28.0,7.0,0.0,0.0,1.0
36100.0,2.265625,4.395024411173331E-8,36100.0,66.8,37.024124312861126,-99.99999999999993,-9.570957095709542,36100.0,98152.0,40.0,28.0,28.0,7.0,0.0,0.0,1.0
36200.0,2.28125,4.4346993996037386E-8,36200.0,66.60000000000001,36.68582520738236,-93.06358381502884,-20.14388489208631,36200.0,98152.0,40.0,28.0,28.0,7.0,0.0,0.0,1.0
36300.0,2.28125,4.4346993996037386E-8,36300.0,67.30000000000001,37.87427424993162,-87.93103448275855,-15.140845070422507,36300.0,98152.0,40.0,28.0,28.0,7.0,0.0,0.0,1.0
36400.0,2.296875,4.474374388034146E-8,36400.0,67.4,35.38310287961436,-84.1807909604519,-4.487179487179454,36400.0,98152.0,40.0,28.0,28.0,7.0,0.0,0.0,1.0
36500.0,2.296875,4.474374388034146E-8,36500.0,66.7,32.179778576141956,-88.13559322033892,-1.8348623853211028,36500.0,98152.0,40.0,28.0,28.0,7.0,0.0,0.0,1.0
36600.0,2.3125,4.5140493764645534E-8,36600.0,66.3,29.575110130317395,-104.24242424242418,-5.974842767295604,36600.0,98152.0,40.0,28.0,28.0,7.0,0.0,0.0,1.0
36700.0,2.328125,4.553724364894961E-8,36700.0,68.7,35.11608623548923,-87.42514970059872,7.9411764705882435,36700.0,98152.0,40.0,28.0,28.0,7.0,0.0,0.0,1.0
36800.0,2.328125,4.553724364894961E-8,36800.0,68.89999999999999,34.47555158522813,-80.81395348837208,10.888252148997113,36800.0,98152.0,40.0,28.0,28.0,7.0,0.0,0.0,1.0
36900.0,2.34375,4.593399353325368E-8,36900.0,70.8,37.59083525690347,-71.76470588235291,17.514124293785297,36900.0,98152.0,40.0,28.0,28.0,7.0,0.0,0.0,1.0
37000.0,2.34375,4.593399353325368E-8,37000.0,71.89999999999999,39.23693702265315,-73.45679012345677,19.94301994301993,37000.0,98408.0,42.0,29.0,29.0,8.0,0.0,0.0,1.0
37100.0,2.359375,4.633177822041844E-8,37100.0,73.0,41.47813232878018,-74.19354838709675,25.619834710743795,37100.0,98408.0,42.0,29.0,29.0,8.0,0.0,0.0,1.0
37200.0,2.375,4.672956290758319E-8,37200.0,72.5,41.84275974080904,-79.73856209150325,28.198433420365532,37200.0,98408.0,42.0,29.0,29.0,8.0,0.0,0.0,1.0
37300.0,2.375,4.672956290758319E-8,37300.0,70.39999999999999,37.537983658585986,-100.0,20.43010752688171,37300.0,98424.0,42.0,29.0,29.0,8.0,0.0,0.0,1.0
37400.0,2.390625,4.7127412269926744E-8,37400.0,72.6,43.35870477481984,-83.89261744966441,26.145552560646895,37400.0,98424.0,42.0,29.0,29.0,8.0,0.0,0.0,1.0
37500.0,2.390625,4.7127412269926744E-8,37500.0,71.7,43.121522976492905,-99.29577464788733,18.44380403458212,37500.0,98440.0,42.0,29.0,29.0,8.0,0.0,0.0,1.0
37600.0,2.40625,4.7525358645038484E-8,37600.0,72.2,45.09639729668879,-86.57718120805367,20.343839541547265,37600.0,98448.0,42.0,29.0,29.0,8.0,0.0,0.0,1.0
37700.0,2.40625,4.7525358645038484E-8,37700.0,70.1,41.02238387918858,-104.7945205479452,10.479041916167642,37700.0,98448.0,42.0,29.0,29.0,8.0,0.0,0.0,1.0
37800.0,2.421875,4.7923305020150225E-8,37800.0,70.7,43.20604768365961,-103.47222222222223,14.076246334310833,37800.0,98448.0,42.0,29.0,29.0,8.0,0.0,0.0,1.0
37900.0,2.4375,4.8321251395261966E-8,37900.0,69.39999999999999,41.361561545448616,-115.49295774647888,9.198813056379798,37900.0,98448.0,42.0,29.0,29.0,8.0,0.0,0.0,1.0
38000.0,2.4375,4.8321251395261966E-8,38000.0,67.80000000000001,38.56720404464372,-126.76056338028164,5.014749262536878,38000.0,98448.0,42.0,29.0,29.0,8.0,0.0,0.0,1.0
38100.0,2.453125,4.871919777037371E-8,38100.0,66.8,36.47513537301725,-142.33576642335763,3.7681159420289894,38100.0,98448.0,42.0,29.0,29.0,8.0,0.0,0.0,1.0
38200.0,2.453125,4.871919777037371E-8,38200.0,68.89999999999999,39.797751416978954,-130.3703703703704,14.560439560439542,38200.0,98448.0,42.0,29.0,29.0,8.0,0.0,0.0,1.0
38300.0,2.46875,4.911620635539295E-8,38300.0,68.7,39.31897668142657,-125.17985611510784,14.480874316939904,38300.0,98216.0,44.0,30.0,30.0,8.0,0.0,0.0,1.0
38400.0,2.484375,4.952634400170712E-8,38400.0,67.2,37.308868501529055,-129.3706293706293,14.583333333333345,38400.0,101464.0,44.0,30.0,30.0,8.0,0.0,0.0,1.0
38500.0,2.484375,4.952634400170712E-8,38500.0,69.39999999999999,40.878019375007234,-109.58904109589042,23.30827067669172,38500.0,101472.0,44.0,30.0,30.0,8.0,0.0,0.0,1.0
38600.0,2.5,4.9936610998378876E-8,38600.0,69.6,40.907535844244705,-117.14285714285715,26.57004830917874,38600.0,101496.0,44.0,30.0,30.0,8.0,0.0,0.0,1.0
38700.0,2.5,4.9936610998378876E-8,38700.0,70.39999999999999,42.354357114757676,-102.73972602739727,32.265446224256294,38700.0,101496.0,44.0,30.0,30.0,8.0,0.0,0.0,1.0
38800.0,2.515625,5.034687799505063E-8,38800.0,69.39999999999999,40.50026444326913,-113.986013986014,27.83018867924528,38800.0,101496.0,44.0,30.0,30.0,8.0,0.0,0.0,1.0
38900.0,2.515625,5.034687799505063E-8,38900.0,71.0,43.178033019440946,-110.14492753623189,32.400932400932405,38900.0,101496.0,44.0,30.0,30.0,8.0,0.0,0.0,1.0
39000.0,2.53125,5.075714499172238E-8,39000.0,73.2,46.9701766605458,-104.58015267175573,42.735042735042725,39000.0,101496.0,44.0,30.0,30.0,8.0,0.0,0.0,1.0
39100.0,2.546875,5.1171163148764116E-8,39100.0,73.6,47.88870290244134,-104.65116279069768,44.06779661016949,39100.0,102424.0,44.0,30.0,30.0,8.0,0.0,0.0,1.0
39200.0,2.546875,5.1171163148764116E-8,39200.0,72.0,45.418252136485556,-112.12121212121214,36.65158371040722,39200.0,102440.0,44.0,30.0,30.0,8.0,0.0,0.0,1.0
39300.0,2.5625,5.158524598098465E-8,39300.0,75.4,51.38801062349817,-86.36363636363636,47.88135593220339,39300.0,102440.0,44.0,30.0,30.0,8.0,0.0,0.0,1.0
39400.0,2.578125,5.199932881320518E-8,39400.0,76.9,54.29362880886427,-71.11111111111109,51.162790697674424,39400.0,102440.0,44.0,30.0,30.0,8.0,0.0,0.0,1.0
39500.0,2.578125,5.199932881320518E-8,39500.0,76.8,53.61577063798308,-65.7142857142857,53.50701402805611,39500.0,102440.0,44.0,30.0,30.0,8.0,0.0,0.0,1.0
39600.0,2.59375,5.24152548880213E-8,39600.0,76.6,53.32676450759737,-64.78873239436616,52.53549695740365,39600.0,102896.0,51.0,36.0,36.0,8.0,0.0,0.0,1.0
39700.0,2.609375,5.2857342072659086E-8,39700.0,77.5,55.00000000000001,-53.06122448979589,54.90981963927856,39700.0,109368.0,51.0,36.0,36.0,8.0,0.0,0.0,1.0
39800.0,2.609375,5.2857342072659086E-8,39800.0,79.9,59.60610932475885,-34.899328859060354,60.58823529411765,39800.0,119136.0,51.0,36.0,36.0,8.0,0.0,0.0,1.0
39900.0,2.640625,5.384693698336682E-8,39900.0,80.9,61.1539118620903,-31.72413793103443,61.491935483870975,39900.0,122408.0,51.0,36.0,36.0,8.0,0.0,0.0,1.0
40000.0,2.65625,5.4341734438720694E-8,40000.0,81.6,62.20399980280346,-26.027397260273993,59.64912280701753,40000.0,122408.0,51.0,36.0,36.0,8.0,0.0,0.0,1.0
40100.0,2.671875,5.484018604167636E-8,40100.0,81.39999999999999,61.793173713703496,-23.178807947019884,57.727272727272705,40100.0,123312.0,51.0,36.0,36.0,8.0,0.0,0.0,1.0
40200.0,2.671875,5.484018604167636E-8,40200.0,83.39999999999999,65.93907608717954,-5.063291139240509,65.05263157894736,40200.0,123312.0,51.0,36.0,36.0,8.0,0.0,0.0,1.0
40300.0,2.703125,5.583915885330904E-8,40300.0,82.39999999999999,64.19678747538529,-6.6666666666666705,62.86919831223627,40300.0,123568.0,53.0,37.0,37.0,8.0,0.0,0.0,1.0
40400.0,2.703125,5.583915885330904E-8,40400.0,82.3,64.00478309322963,-10.625000000000009,61.6052060737527,40400.0,123568.0,53.0,37.0,37.0,8.0,0.0,0.0,1.0
40500.0,2.71875,5.6338645259125386E-8,40500.0,83.5,66.57158138705651,-6.4516129032258105,64.13043478260867,40500.0,123568.0,53.0,37.0,37.0,8.0,0.0,0.0,1.0
40600.0,2.734375,5.683813166494173E-8,40600.0,83.8,66.84879366443612,-0.6211180124223606,64.3956043956044,40600.0,123568.0,53.0,37.0,37.0,8.0,0.0,0.0,1.0
40700.0,2.75,5.733761807075807E-8,40700.0,84.1,67.27371523604089,3.636363636363639,63.53211009174312,40700.0,123568.0,53.0,37.0,37.0,8.0,0.0,0.0,1.0
40800.0,2.75,5.733761807075807E-8,40800.0,85.1,69.21513045346732,11.834319526627226,65.98173515981735,40800.0,123568.0,53.0,37.0,37.0,8.0,0.0,0.0,1.0
40900.0,2.765625,5.7837104476574416E-8,40900.0,84.1,67.33207866599822,7.558139534883726,64.34977578475335,40900.0,123568.0,53.0,37.0,37.0,8.0,0.0,0.0,1.0
41000.0,2.78125,5.833659088239076E-8,41000.0,82.1,63.723177444328236,3.2432432432432456,61.83368869936034,41000.0,123568.0,53.0,37.0,37.0,8.0,0.0,0.0,1.0
41100.0,2.796875,5.88360772882071E-8,41100.0,82.69999999999999,64.89875421012052,4.419889502762434,62.87553648068669,41100.0,123568.0,53.0,37.0,37.0,8.0,0.0,0.0,1.0
41200.0,2.796875,5.88360772882071E-8,41200.0,83.89999999999999,67.17554761788259,9.039548022598876,64.92374727668845,41200.0,123568.0,53.0,37.0,37.0,8.0,0.0,0.0,1.0
41300.0,2.8125,5.9335563694023446E-8,41300.0,84.8,68.87401758618006,14.606741573033716,66.2971175166297,41300.0,123568.0,53.0,37.0,37.0,8.0,0.0,0.0,1.0
41400.0,2.828125,5.983505009983979E-8,41400.0,85.39999999999999,69.98540386078162,18.435754189944145,66.89342403628117,41400.0,123568.0,53.0,37.0,37.0,8.0,0.0,0.0,1.0
41500.0,2.84375,6.033641208584112E-8,41500.0,84.3,67.32923804291731,9.248554913294804,63.657407407407405,41500.0,124032.0,53.0,37.0,37.0,8.0,0.0,0.0,1.0
41600.0,2.84375,6.033641208584112E-8,41600.0,85.7,70.75808140295773,17.341040462427756,68.29268292682926,41600.0,124032.0,53.0,37.0,37.0,8.0,0.0,0.0,1.0
41700.0,2.859375,6.083777407184244E-8,41700.0,84.6,68.59193995757872,8.875739644970421,66.22807017543859,41700.0,124032.0,53.0,37.0,37.0,8.0,0.0,0.0,1.0
41800.0,2.875,6.133903904507559E-8,41800.0,85.0,69.4641570275189,6.832298136645967,67.32026143790848,41800.0,124008.0,55.0,38.0,38.0,8.0,0.0,0.0,1.0
41900.0,2.890625,6.184030401830873E-8,41900.0,86.1,71.9875536065521,15.243902439024401,70.79831932773108,41900.0,124008.0,55.0,38.0,38.0,8.0,0.0,0.0,1.0
42000.0,2.890625,6.184030401830873E-8,42000.0,86.2,72.36949592349954,13.20754716981133,72.06477732793523,42000.0,124008.0,55.0,38.0,38.0,8.0,0.0,0.0,1.0
42100.0,2.90625,6.234266846958135E-8,42100.0,86.0,71.98935595526301,14.634146341463424,71.83098591549295,42100.0,124280.0,55.0,38.0,38.0,8.0,0.0,0.0,1.0
42200.0,2.921875,6.284503292085396E-8,42200.0,86.6,73.20428731402974,11.258278145695373,73.2,42200.0,124280.0,55.0,38.0,38.0,8.0,0.0,0.0,1.0
42300.0,2.9375,6.334739737212658E-8,42300.0,86.1,72.20333559972802,3.472222222222225,70.55084745762711,42300.0,124280.0,55.0,38.0,38.0,8.0,0.0,0.0,1.0
42400.0,2.9375,6.334739737212658E-8,42400.0,84.3,68.3156008330777,-10.563380281690149,67.49482401656314,42400.0,124280.0,55.0,38.0,38.0,8.0,0.0,0.0,1.0
42500.0,2.96875,6.435212627467182E-8,42500.0,85.9,71.4505547906374,9.032258064516135,71.28309572301426,42500.0,124280.0,55.0,38.0,38.0,8.0,0.0,0.0,1.0
42600.0,2.984375,6.485643098130822E-8,42600.0,84.6,69.04149244129944,-0.6535947712418305,68.57142857142856,42600.0,124760.0,55.0,38.0,38.0,8.0,0.0,0.0,1.0
42700.0,2.984375,6.485643098130822E-8,42700.0,84.3,68.45869495339119,-10.563380281690149,68.7872763419483,42700.0,124760.0,55.0,38.0,38.0,8.0,0.0,0.0,1.0
42800.0,3.0,6.536073568794461E-8,42800.0,80.9,61.6988850565493,-44.69696969696965,59.873949579831944,42800.0,124760.0,55.0,38.0,38.0,8.0,0.0,0.0,1.0
42900.0,3.015625,6.586504039458101E-8,42900.0,80.9,61.867722924086834,-50.39370078740153,60.94069529652353,42900.0,124760.0,55.0,38.0,38.0,8.0,0.0,0.0,1.0
43000.0,3.03125,6.63693451012174E-8,43000.0,81.0,62.20635331092237,-48.43749999999996,58.78524945770066,43000.0,124760.0,55.0,38.0,38.0,8.0,0.0,0.0,1.0
43100.0,3.0625,6.737795451449021E-8,43100.0,80.7,61.75794562891337,-48.46153846153842,59.36842105263159,43100.0,124760.0,55.0,38.0,38.0,8.0,0.0,0.0,1.0
43200.0,3.0625,6.737795451449021E-8,43200.0,78.9,58.044683406374034,-41.61073825503351,52.69058295964126,43200.0,124760.0,55.0,38.0,38.0,8.0,0.0,0.0,1.0
43300.0,3.078125,6.788151545657049E-8,43300.0,77.5,55.27799200171732,-49.006622516556256,51.40388768898488,43300.0,124576.0,57.0,39.0,39.0,8.0,0.0,0.0,1.0
43400.0,3.09375,6.840169791960052E-8,43400.0,79.2,58.75879845345494,-29.19254658385088,55.83864118895967,43400.0,128688.0,57.0,39.0,39.0,8.0,0.0,0.0,1.0
43500.0,3.109375,6.892188038263054E-8,43500.0,79.60000000000001,59.620112351099166,-30.76923076923072,54.565701559020056,43500.0,128688.0,57.0,39.0,39.0,8.0,0.0,0.0,1.0
43600.0,3.125,6.944206284566056E-8,43600.0,80.60000000000001,61.23581810407186,-24.358974358974304,54.13711583924351,43600.0,128688.0,57.0,39.0,39.0,8.0,0.0,0.0,1.0
43700.0,3.125,6.944206284566056E-8,43700.0,78.60000000000001,56.65998339307776,-32.91925465838504,47.931873479318746,43700.0,128688.0,57.0,39.0,39.0,8.0,0.0,0.0,1.0
43800.0,3.140625,6.996224530869059E-8,43800.0,80.5,59.7420185971229,-16.766467065868206,53.125000000000014,43800.0,128688.0,57.0,39.0,39.0,8.0,0.0,0.0,1.0
43900.0,3.15625,7.048242777172061E-8,43900.0,79.3,55.33980582524273,-14.364640883977847,44.80000000000001,43900.0,128688.0,57.0,39.0,39.0,8.0,0.0,0.0,1.0
44000.0,3.171875,7.100261023475063E-8,44000.0,78.8,53.30211329964625,-15.846994535519073,42.234332425068125,44000.0,128688.0,57.0,39.0,39.0,8.0,0.0,0.0,1.0
44100.0,3.1875,7.152279269778066E-8,44100.0,78.2,51.44182151082758,-19.78021978021973,41.5549597855228,44100.0,128688.0,57.0,39.0,39.0,8.0,0.0,0.0,1.0
44200.0,3.1875,7.152279269778066E-8,44200.0,79.4,55.39252413351061,-23.3532934131736,46.77002583979329,44200.0,128688.0,57.0,39.0,39.0,8.0,0.0,0.0,1.0
44300.0,3.203125,7.204297516081068E-8,44300.0,80.7,57.10005245796695,-14.201183431952607,47.26775956284154,44300.0,128688.0,57.0,39.0,39.0,8.0,0.0,0.0,1.0
44400.0,3.21875,7.25631576238407E-8,44400.0,78.8,52.92968316348055,-38.56209150326793,44.063324538258584,44400.0,128688.0,57.0,39.0,39.0,8.0,0.0,0.0,1.0
44500.0,3.234375,7.308334008687073E-8,44500.0,78.7,52.43922044979548,-39.21568627450976,43.50132625994696,44500.0,128688.0,57.0,39.0,39.0,8.0,0.0,0.0,1.0
44600.0,3.25,7.360352254990075E-8,44600.0,77.9,50.87360512159339,-46.3576158940397,42.597402597402606,44600.0,128688.0,57.0,39.0,39.0,8.0,0.0,0.0,1.0
44700.0,3.25,7.360352254990075E-8,44700.0,78.7,53.46378040147868,-46.89655172413789,45.52429667519183,44700.0,128688.0,57.0,39.0,39.0,8.0,0.0,0.0,1.0
44800.0,3.265625,7.412370501293078E-8,44800.0,79.7,57.26135837298413,-39.99999999999995,50.48780487804879,44800.0,128688.0,57.0,39.0,39.0,8.0,0.0,0.0,1.0
44900.0,3.28125,7.46438874759608E-8,44900.0,81.3,61.70794836511369,-34.53237410071945,57.11009174311926,44900.0,128688.0,57.0,39.0,39.0,8.0,0.0,0.0,1.0
45000.0,3.296875,7.516406993899082E-8,45000.0,81.2,61.41468540654146,-43.51145038167934,55.660377358490585,45000.0,128688.0,57.0,39.0,39.0,8.0,0.0,0.0,1.0
45100.0,3.296875,7.516406993899082E-8,45100.0,82.6,64.68123802409794,-39.20000000000003,59.72222222222222,45100.0,128688.0,57.0,39.0,39.0,8.0,0.0,0.0,1.0
45200.0,3.3125,7.568425240202085E-8,45200.0,82.6,64.95214154500628,-27.007299270073016,61.16071428571427,45200.0,128688.0,57.0,39.0,39.0,8.0,0.0,0.0,1.0
45300.0,3.328125,7.620443486505087E-8,45300.0,82.19999999999999,64.3515180645678,-27.142857142857164,61.80257510729612,45300.0,128688.0,57.0,39.0,39.0,8.0,0.0,0.0,1.0
45312.0,3.34375,7.67246173280809E-8,45312.0,81.6,63.185421426885036,-29.577464788732417,60.59957173447537,45312.0,128688.0,57.0,39.0,39.0,8.0,0.0,0.0,1.0